tree
version=v4
num_class=1
num_tree_per_iteration=1
label_index=0
max_feature_idx=70
objective=quantile
feature_names=Column_0 Column_1 Column_2 Column_3 Column_4 Column_5 Column_6 Column_7 Column_8 Column_9 Column_10 Column_11 Column_12 Column_13 Column_14 Column_15 Column_16 Column_17 Column_18 Column_19 Column_20 Column_21 Column_22 Column_23 Column_24 Column_25 Column_26 Column_27 Column_28 Column_29 Column_30 Column_31 Column_32 Column_33 Column_34 Column_35 Column_36 Column_37 Column_38 Column_39 Column_40 Column_41 Column_42 Column_43 Column_44 Column_45 Column_46 Column_47 Column_48 Column_49 Column_50 Column_51 Column_52 Column_53 Column_54 Column_55 Column_56 Column_57 Column_58 Column_59 Column_60 Column_61 Column_62 Column_63 Column_64 Column_65 Column_66 Column_67 Column_68 Column_69 Column_70
feature_infos=[66131:160560] [-20:34.149999999999999] [25.719044:100] [36.971664299722725:71.559848645091535] [0:23] [0:6] [1:10] [1:31] [0:1] [0:1] [0:0.99270887409805397] [66131:160560] [66131:160560] [66131:160560] [72233.041666666672:137142.20833333334] [2057.6408592873181:22024.617595875727] [-9183:8446] [-20:34.149999999999999] [-20:34.149999999999999] [-20:34.149999999999999] [-16.568749999999998:29.675000000000001] [0.52945401875049547:7.951298487978419] [-5.8000000000000007:5.5499999999999972] [25.719044:100] [25.719044:100] [25.719044:100] [45.313373250000005:95.04641233333335] [0.97911827352794878:23.426507825749582] [-30.049300000000002:30.860949999999995] [36.971664299722725:71.559848645091535] [36.971664299722725:71.559848645091535] [36.971664299722725:71.559848645091535] [45.760024263258238:67.819212344444352] [0.67909628204517791:7.5954539582083802] [-8.6935655667746659:7.6341842441526993] [6201:33428] [6201:33428] [6201:33428] [7216.916666666667:32362.625] [18440:75926] [18440:75926] [18440:75926] [24497.5:64836.833333333336] [25199:33959] [25199:33959] [25862:33959] [25316:33930.166666666664] [43:6933] [43:6933] [43:6933] [83.541666666666671:5366.375] [366:3539] [366:3539] [366:3539] [431.45833333333331:2835.4583333333335] [0:12186] [0:12186] [0:12186] [281.875:5366.791666666667] [85:6739] [85:6739] [85:6739] [718.33333333333337:3117.0833333333335] [29:9938] [29:9938] [29:9938] [157.125:8964.4166666666661] [68553:162721] [68553:162721] [68553:162721] [74746.875:140862.16666666666]
tree_sizes=3244 3846 3271 3231 3705 3851 3865 3895 5141 4206 5382 4213 4613 4987 4576

Tree=0
num_leaves=40
num_cat=0
split_feature=47 48 16 57 54 7 34 47 60 16 33 47 42 24 16 37 55 3 47 27 28 37 69 50 50 0 20 44 16 55 57 49 34 16 10 58 21 55 60
split_gain=446.98 13.8376 13.9137 10.1766 8.3711 3.01541 2.85873 2.41071 3.13717 2.02202 2.14877 1.63854 2.16887 1.45627 0.967167 3.82037 1.35206 1.55157 0.822185 1.9794 0.625134 0.507203 0.708564 0.374588 0.343557 0.359204 0.305948 0.195716 0.80999 0.155675 0.143924 0.110574 0.307172 0.12976 0.0740125 0.0681867 0.0400466 0.0384196 0.036067
threshold=159.50000000000003 165.50000000000003 -2390.9999999999995 7104.5000000000009 1290.6458333333337 21.500000000000004 0.61804997696099317 212.50000000000003 1130.5000000000002 3963.0000000000005 2.5995842964860052 166.50000000000003 39764.604166666679 44.502377500000009 -3395.4999999999995 9732.0000000000018 3.5000000000000004 61.327146405491554 103.50000000000001 14.083913138241112 -4.2463999999999933 12216.000000000002 88106.000000000015 173.68750000000003 302.08333333333343 89564.000000000015 16.150000000000002 29704.000000000004 628.50000000000011 46.500000000000007 1.5000000000000002 173.50000000000003 -1.2117956213104575 -2482.4999999999995 0.56392291514228221 2754.5416666666674 6.1894795993060496 6522.5000000000009 3996.0000000000005
decision_type=2 2 2 2 2 2 2 2 2 2 2 2 2 2 2 2 2 2 2 2 2 2 2 2 2 2 2 2 2 2 2 2 2 2 2 2 2 2 2
left_child=3 2 5 9 6 -2 13 8 -4 18 -11 12 -3 -5 15 -13 17 -17 20 34 35 22 -18 -16 25 -23 -15 28 -22 -9 -26 32 -25 -34 -20 -1 -33 -32 -35
right_child=1 11 7 4 -6 -7 -8 29 -10 10 -12 14 -14 26 23 16 21 -19 19 -21 27 24 -24 31 30 -27 -28 -29 -30 -31 37 36 33 38 -36 -37 -38 -39 -40
leaf_value=159.47999999999999 159.53999999999999 162.06 162.03 159.45600001528859 161.31600004881619 160.89000000447035 159.49800000295042 162.29100006200372 159.4740000039339 159.69 159.6330000013858 159.63600000187753 161.93700000084937 159.37800000160934 160.50600006490947 159.53700000308453 163.44 163.51200000375511 159.49800000339746 159.59400000214578 159.63300000183284 163.37400000169873 160.27800000295042 162.2070000281185 162.64800000965596 161.22600000679492 159.53999999999999 159.50999999999999 159.93600000098348 163.56 163.62 163.31999999999999 162.21000001072883 162.78 159.85200000509619 159.57300000093878 163.54500000424684 163.38 162.35700000084935
leaf_weight=20 37 25 24 20 29 21 23 20 23 20 32 22 20 37 23 24 37 22 39 25 42 20 34 38 25 20 20 314 23 80 629 4823 25 268 20 22 20 20 20
leaf_count=20 37 25 24 20 29 21 23 20 23 20 32 22 20 37 23 24 37 22 39 25 42 20 34 38 25 20 20 314 23 80 629 4823 25 268 20 22 20 20 20
internal_value=162 162.002 161.995 161.977 161.985 161.982 161.981 162 161.994 161.975 161.981 162.003 161.997 161.978 162.003 162.002 162.002 161.997 161.975 161.978 161.974 162.002 162 162.003 162.003 162 161.975 161.974 161.976 162.002 162.003 162.003 162.002 162.003 161.975 161.978 162.003 162.003 162.003
internal_weight=7006 6320 205 686 129 58 100 147 47 557 52 6115 45 77 6070 853 831 46 505 84 421 785 71 5217 714 40 57 379 65 100 674 5194 351 313 59 42 4843 649 288
internal_count=7006 6320 205 686 129 58 100 147 47 557 52 6115 45 77 6070 853 831 46 505 84 421 785 71 5217 714 40 57 379 65 100 674 5194 351 313 59 42 4843 649 288
is_linear=0
shrinkage=1


Tree=1
num_leaves=44
num_cat=0
split_feature=48 50 11 16 46 55 30 26 66 68 37 46 54 16 57 27 68 51 44 36 56 58 27 55 62 57 13 37 57 17 38 62 44 54 48 16 46 45 3 38 37 60 50
split_gain=332.462 32.8923 17.2139 11.9091 9.65331 6.50923 5.51587 5.47439 9.86941 9.01455 5.38285 4.70553 10.0374 4.57137 2.84043 2.6728 2.44255 1.52837 1.79017 7.15094 4.0047 6.84839 2.29994 0.978886 6.58655 0.943275 1.98322 0.711016 0.534965 0.449422 0.411577 0.267489 1.82083 0.923348 0.238155 0.200069 0.186042 0.216412 0.0323417 0.0282954 0.147251 0.0250207 0.0114728
threshold=156.50000000000003 157.75000000000003 88115.500000000015 -1320.4999999999998 32811.083333333336 1770.0000000000002 56.999497973925777 53.826336166666671 6138.3125000000009 92540.000000000015 7727.0000000000009 30546.166666666672 750.81250000000011 1860.0000000000002 16.500000000000004 12.042128634081804 98800.500000000015 663.50000000000011 32492.500000000004 13908.500000000002 25.500000000000004 2969.3333333333335 10.430045563126859 3.5000000000000004 2468.9791666666674 4648.0000000000009 90101.000000000015 11048.000000000002 6531.5000000000009 1.925 12695.625000000002 2544.2916666666674 32969.000000000007 866.06250000000011 167.50000000000003 449.00000000000006 32917.104166666672 32703.000000000004 55.767438162531583 8487.7083333333339 10329.000000000002 150.50000000000003 185.54166666666671
decision_type=2 2 2 2 2 2 2 2 2 2 2 2 2 2 2 2 2 2 2 2 2 2 2 2 2 2 2 2 2 2 2 2 2 2 2 2 2 2 2 2 2 2 2
left_child=2 15 11 16 5 6 -5 8 14 -10 -9 12 13 25 -3 -2 30 18 19 -12 29 -22 -23 24 27 35 -27 -19 -13 -21 -4 34 33 -33 -25 -1 -35 -38 -16 40 -36 -41 -43
right_child=1 7 3 4 -6 -7 -8 10 9 -11 17 28 -14 -15 38 -17 -18 23 -20 20 21 22 -24 31 -26 26 -28 -29 -30 -31 -32 32 -34 36 39 -37 37 -39 -40 41 -42 42 -44
leaf_value=-2.4091529954944249 -2.4152999999999998 -2.3170799976423377 -2.2967939999814924 -1.5445800000831482 -2.2915409974158703 0.42918002447783921 -2.4152999999999998 -2.639807983760655 1.2864000009834768 -2.5771199975341554 1.3704000000000001 -2.3575049998538198 -2.2055519998975393 -2.2971449998833235 1.6314000280290843 -2.3903999983012674 -2.35529999910593 -1.6810799966588612 0.5304000000000002 0.061890000595450398 -2.3192999976754183 -0.05811000002548098 0.21901200588870012 0.18930000197142366 -2.3451359989416005 -2.5042199999624488 -2.4445079998798369 0.6504000000000002 -2.3516999999503794 -1.2565229802500906 -2.4161099999450144 -1.8651509444981218 -2.2373819975577587 1.5432000068664551 1.5794520936930481 -2.427299991238117 22.160400000000003 -2.2314149931956826 1.8924000118017199 1.7425500014148652 1.7241000008448957 0.1615200011909009 1.4004000000000001
leaf_weight=94 35 28 25 26 32 62 20 29 23 29 227 206 30 26 20 20 21 20 283 31 27 21 29 36 25 23 23 226 20 20 42 24 23 513 20 29 23 20 133 26 64 37 4315
leaf_count=94 35 28 25 26 32 62 20 29 23 29 227 206 30 26 20 20 21 20 283 31 27 21 29 36 25 23 23 226 20 20 42 24 23 513 20 29 23 20 133 26 64 37 4315
internal_value=2.3551e-05 0.00216497 -0.0199234 -0.0131653 -0.00768737 -0.003358 -0.0119089 0.00236811 -0.00213642 -0.0136468 0.00254243 -0.0233296 -0.0201777 -0.0226653 0.00115958 -0.0209074 -0.0218275 0.00260511 0.00120827 -0.00020276 -0.00587822 -0.0101946 -0.00353293 0.00277043 0.000995943 -0.0244826 -0.0203688 0.00249898 -0.0264441 0.000587084 -0.0246796 0.00286409 0.00224838 0.00258059 0.00294591 -0.0259789 0.00283222 0.000835267 0.0027825 0.00296564 0.00224732 0.00297869 0.00298546
internal_weight=7006 6327 679 228 140 108 46 6272 233 52 6039 451 225 195 181 55 88 6010 638 355 128 77 50 5372 271 169 46 246 226 51 67 5101 603 580 4498 123 556 43 153 4462 84 4378 4352
internal_count=7006 6327 679 228 140 108 46 6272 233 52 6039 451 225 195 181 55 88 6010 638 355 128 77 50 5372 271 169 46 246 226 51 67 5101 603 580 4498 123 556 43 153 4462 84 4378 4352
is_linear=0
shrinkage=0.03


Tree=2
num_leaves=37
num_cat=0
split_feature=47 48 16 57 70 24 61 55 1 47 16 37 55 62 26 16 44 4 3 47 65 48 16 14 66 49 47 21 49 34 59 18 27 34 47 47
split_gain=442.358 12.7941 11.7993 10.979 8.098 3.1711 2.26299 2.08779 1.46884 1.28496 0.906398 3.8029 2.01699 2.43423 0.930686 0.882801 3.13766 2.22958 0.813079 0.789835 1.53302 0.445166 0.72702 0.276593 0.255943 1.18073 0.190582 0.182313 0.105908 0.308708 0.163741 0.0383506 0.0361951 0.0299013 0.0148466 0.143811
threshold=159.50000000000003 126.50000000000001 -1320.4999999999998 7104.5000000000009 98908.541666666672 42.172436000000005 1273.5000000000002 8816.5000000000018 -0.17499999999999996 219.50000000000003 -3395.4999999999995 9732.0000000000018 3.5000000000000004 2177.3750000000005 53.826336166666671 1609.0000000000002 29936.500000000004 13.500000000000002 54.501412332231787 166.50000000000003 4005.0000000000005 165.50000000000003 -758.99999999999989 84545.979166666672 3707.5416666666674 1168.5000000000002 115.50000000000001 6.1894795993060496 173.50000000000003 -1.2117956213104575 4136.5000000000009 4.3250000000000002 17.141120050613559 -1.4736287266053123 174.50000000000003 172.50000000000003
decision_type=2 2 2 2 2 2 2 2 2 2 2 2 2 2 2 2 2 2 2 2 2 2 2 2 2 2 2 2 2 2 2 2 2 2 2 2
left_child=3 2 6 7 5 -5 -2 8 -1 -4 11 -3 13 -13 -14 26 -17 -18 23 20 -12 22 -21 -7 31 33 -10 28 29 -23 32 -16 -31 -26 35 -30
right_child=1 10 9 4 -6 18 -8 -9 15 -11 19 12 14 -15 24 16 17 -19 -20 21 -22 27 -24 -25 25 -27 -28 -29 34 30 -32 -33 -34 -35 -36 -37
leaf_value=-2.1962182029318154 -2.3154748499519875 -2.2235675982495096 -2.4177146198473007 -2.4208665333272092 -1.2234235098671278 -2.429480159124402 -2.247916007421678 -2.1697037700533839 -2.3428409999999995 2.4461330494006299 -0.059366699175349993 1.2996030059062247 -2.0268275834401397 -2.3457559201242879 0.46208664439119468 -1.9060973309538944 -2.2545748500043845 -2.28436546496471 -2.4821457579985449 -0.86222076705463724 0.016188000000000216 0.19457570067381086 0.45382284462388744 -2.3950047586660768 1.1351424337783815 -2.0751669840054894 -2.2931408106448314 1.347738003565103 0.089268003811419611 0.64258801233816165 0.36740399970580773 1.5299460009030998 1.9627980011824075 1.175388008583069 1.2983880000000005 0.13147800096693685
leaf_weight=26 21 22 20 22 34 20 33 24 334 59 20 28 23 20 20 20 101 22 21 20 38 38 33 32 20 23 30 21 99 277 21 606 20 97 4719 22
leaf_count=26 21 22 20 22 34 20 33 24 334 59 20 28 23 20 20 20 101 22 21 20 38 38 33 32 20 23 30 21 99 277 21 606 20 97 4719 22
internal_value=4.06789e-05 0.0025248 -0.00667168 -0.0228378 -0.0148722 -0.0193691 -0.0174677 -0.0246742 -0.025076 0.00068268 0.00272309 0.00180887 0.00213595 -0.00380457 0.00250158 -0.0254506 -0.0231866 -0.0250041 -0.0224077 0.00286988 -0.000567986 0.00290829 0.000112994 -0.0245873 0.00268242 0.00147752 -0.0263252 0.00293611 0.0029474 0.00240101 0.0027067 0.00294681 0.00288792 0.00271563 0.00298692 0.00247729
internal_weight=7006 6320 133 686 129 95 54 557 533 79 6187 859 837 48 789 507 143 123 73 5328 58 5270 53 52 766 140 364 5217 5196 356 318 626 297 117 4840 121
internal_count=7006 6320 133 686 129 95 54 557 533 79 6187 859 837 48 789 507 143 123 73 5328 58 5270 53 52 766 140 364 5217 5196 356 318 626 297 117 4840 121
is_linear=0
shrinkage=0.03


Tree=3
num_leaves=37
num_cat=0
split_feature=47 48 16 0 4 42 24 61 16 46 1 48 22 16 37 55 3 26 47 65 22 3 50 43 18 47 48 49 34 16 53 37 61 63 60 53
split_gain=437.3 13.078 14.3918 11.1051 7.70672 6.65266 2.70257 2.05823 1.58353 3.8286 1.39045 1.2229 1.01126 0.860095 3.82183 1.35296 1.55157 0.918311 0.806566 1.51863 0.381855 0.359204 0.354939 0.286412 0.428845 0.125342 0.123594 0.105301 0.307172 0.12976 0.102797 0.0597482 0.113264 0.0363195 0.036067 0.0340845
threshold=159.50000000000003 156.50000000000003 -1320.4999999999998 91618.000000000015 13.500000000000002 43754.416666666672 42.172436000000005 1273.5000000000002 1169.5000000000002 29997.666666666668 6.4250000000000016 81.500000000000014 1.95 -3395.4999999999995 9732.0000000000018 3.5000000000000004 61.327146405491554 53.826336166666671 166.50000000000003 4167.5000000000009 1.95 56.562813423603565 173.68750000000003 32888.500000000007 1.4750000000000003 108.50000000000001 165.50000000000003 173.50000000000003 -1.2117956213104575 -2482.4999999999995 1321.5000000000002 12216.000000000002 1523.5000000000002 9238.0000000000018 3996.0000000000005 493.50000000000006
decision_type=2 2 2 2 2 2 2 2 2 2 2 2 2 2 2 2 2 2 2 2 2 2 2 2 2 2 2 2 2 2 2 2 2 2 2 2
left_child=3 2 7 6 10 -6 -1 -2 25 -10 -5 -4 30 14 -3 16 -16 -17 19 -15 23 -7 -20 31 -25 -8 -24 28 -28 -30 -11 32 -19 35 -31 -29
right_child=1 13 11 4 5 21 8 -9 9 12 -12 -13 -14 18 15 17 -18 20 22 -21 -22 -23 26 24 -26 -27 27 33 29 34 -32 -33 -34 -35 -36 -37
leaf_value=-2.330346809135281 -2.2457380748431399 -2.1568605703020243 -2.2758287056479438 -2.1704501388221487 -2.203685856747378 -1.5704962146141519 -2.2961546172919021 -2.1730566471080883 -1.947040830502708 -2.2146141672442434 -2.2734557699195332 0.62513319320095939 -2.3217729308070947 -0.05758569820008972 -2.248383239436019 -1.9660227559369354 1.4044139122638917 0.98537565210237388 -1.2468780274406668 0.015702360000000224 -0.20683446257745522 2.1002098139176573 0.026408877036352179 0.78180001827369716 -2.3086874314151191 -2.2454337293502831 0.18873842965359616 1.442436360938774 0.21400572572502524 0.69531035962985521 -2.1972395946960974 1.4834896199729073 1.3988896199729075 0.42660276085834337 0.35617180570560186 1.1994363600000009
leaf_weight=24 24 22 22 20 34 20 323 38 32 91 36 77 20 20 24 23 22 20 24 37 20 20 29 28 20 46 38 22 25 268 20 645 31 21 20 4800
leaf_count=24 24 22 22 20 34 20 323 38 32 91 36 77 20 20 24 23 22 20 24 37 20 20 29 28 20 46 38 22 25 268 20 645 31 21 20 4800
internal_value=4.06789e-05 0.00251056 -0.00592179 -0.0227066 -0.0147348 -0.00829959 -0.0245621 -0.0172464 -0.025016 -0.0223666 -0.0231551 0.00115035 -0.0246682 0.00273157 0.00183838 0.00216781 -0.00279826 0.0024622 0.00287495 -0.000630473 0.00264232 0 0.00291361 0.00275366 0.000436591 -0.0261718 0.00293044 0.00294161 0.00239248 0.00270201 -0.0258686 0.00290906 0.00176125 0.00298074 0.00288442 0.00298687
internal_weight=7006 6320 161 686 130 74 556 62 532 163 56 99 131 6159 855 833 46 787 5304 57 764 40 5247 744 48 369 5223 5194 351 313 111 696 51 4843 288 4822
internal_count=7006 6320 161 686 130 74 556 62 532 163 56 99 131 6159 855 833 46 787 5304 57 764 40 5247 744 48 369 5223 5194 351 313 111 696 51 4843 288 4822
is_linear=0
shrinkage=0.03


Tree=4
num_leaves=42
num_cat=0
split_feature=47 0 56 32 39 50 24 4 37 60 47 47 55 62 50 47 27 44 19 53 57 62 15 51 31 59 37 26 41 37 70 34 26 62 19 56 50 60 22 21 15
split_gain=435.49 11.1051 7.72859 3.55954 2.7884 2.77521 2.70257 2.05232 3.94443 9.08825 1.77886 1.3834 1.36252 7.55769 1.33084 1.17286 1.34236 1.2928 2.70516 1.13366 0.632843 1.85893 0.847213 0.738929 0.630169 0.596701 0.568781 0.37637 0.355658 0.21851 0.428845 0.195693 1.48007 0.176007 0.173063 0.141473 0.103744 0.0443302 0.130819 0.0399924 0.0348212
threshold=159.50000000000003 91618.000000000015 7066.5000000000009 60.029291537553668 41492.000000000007 157.75000000000003 42.172436000000005 5.5000000000000009 10977.500000000002 1050.0000000000002 168.50000000000003 103.50000000000001 3.5000000000000004 2231.9375000000005 193.79166666666671 115.50000000000001 13.726523167162513 29704.000000000004 3.3250000000000006 620.50000000000011 6.5000000000000009 2290.4583333333335 3878.582588966387 698.50000000000011 52.850778751741167 2616.0000000000005 10329.000000000002 59.044880312500005 45693.500000000007 14441.000000000002 93593.625000000015 -1.131502405699379 54.634728729166675 2601.1458333333335 -10.574999999999998 6296.5000000000009 182.91666666666669 5502.5000000000009 -1.4499999999999995 5.8259036886305662 3964.5251371734398
decision_type=2 2 2 2 2 2 2 2 2 2 2 2 2 2 2 2 2 2 2 2 2 2 2 2 2 2 2 2 2 2 2 2 2 2 2 2 2 2 2 2 2
left_child=1 6 3 11 -4 -2 -1 8 9 -7 14 -3 13 28 -9 17 -17 18 -8 -11 21 29 -22 25 35 -24 -20 -21 -10 30 -14 32 -12 34 -34 -19 -33 -25 -39 -38 -36
right_child=5 2 4 -5 -6 7 15 10 12 19 31 -13 20 -15 -16 16 -18 24 26 27 22 -23 23 37 -26 -27 -28 -29 -30 -31 -32 36 33 -35 40 -37 39 38 -40 -41 -42
leaf_value=-2.2604364048612227 -2.1577806994372537 -2.2093026194075409 -2.0367501259952836 -2.1044993509869001 6.1519811039917913 -2.1558998659703601 -1.9765455391232969 0.041772579600562215 0.38855327335742512 -0.88115996876011116 -1.8486384613664617 -2.0367051890309846 0.84460321183384324 -2.1839597812289844 -0.05285812810345334 -2.2665081704609586 -2.0893881596945718 -2.2866687876229768 -1.9975887574916469 -1.3270507126249673 -0.36684984755666139 -2.1140172395339483 0.10333985146636007 1.3159231496008592 -2.2043681069125873 -0.020619565792228699 -2.1344035338030869 1.3456102369345238 -0.014046730799998955 0.59867327316698815 -0.039473221859312242 0.078516543253682541 0.16955328886953394 1.2491692689940075 0.097208572813633431 -2.4338027157690245 1.254353269200001 10.74927250127616 13.600114049071349 1.6487227715137407 1.133453269200001
leaf_weight=24 38 43 24 20 22 33 20 27 94 20 21 21 28 20 37 21 21 26 47 30 37 35 20 1012 355 25 22 82 20 103 20 35 21 39 21 20 3965 20 44 20 453
leaf_count=24 38 43 24 20 22 33 20 27 94 20 21 21 28 20 37 21 21 26 47 30 37 35 20 1012 355 25 22 82 20 103 20 35 21 39 21 20 3965 20 44 20 453
internal_value=-5.56647e-06 -0.0227066 -0.0147348 -0.0201546 -0.00475054 0.00245835 -0.0245621 0.0025076 0.00159211 -0.0027983 0.00283115 -0.0236349 0.00208443 -0.000782998 -0.00210608 -0.025016 -0.0197387 -0.0254581 -0.0218855 0.000704012 0.00237259 0.000725417 0.00263449 0.00278298 -0.0262378 -0.000931264 -0.0247467 0.00190009 0.0021823 0.00218398 0.000436591 0.00290092 0.00234552 0.00265681 0.00281155 -0.022321 0.00297679 0.00294118 0.00201248 0.00299164 0.00292976
internal_weight=7006 686 130 84 46 6320 556 6282 1643 165 4639 64 1478 134 64 532 42 490 89 132 1344 186 1158 1121 401 45 69 112 114 151 48 4575 555 534 495 46 4020 1076 64 3985 474
internal_count=7006 686 130 84 46 6320 556 6282 1643 165 4639 64 1478 134 64 532 42 490 89 132 1344 186 1158 1121 401 45 69 112 114 151 48 4575 555 534 495 46 4020 1076 64 3985 474
is_linear=0
shrinkage=0.03


Tree=5
num_leaves=44
num_cat=0
split_feature=47 0 56 16 37 55 39 24 44 51 46 59 57 3 14 16 46 22 47 42 60 49 59 25 16 37 13 55 37 24 27 22 47 38 53 19 18 15 44 60 55 16 53
split_gain=436.148 11.1051 7.72859 2.91937 7.91981 3.82876 2.7884 2.70257 2.57334 2.5203 2.49304 2.74531 1.82532 1.59717 3.22245 1.58353 3.8286 1.01126 1.00856 1.04984 0.721727 0.480054 0.813001 1.33794 1.41434 0.406607 0.72702 0.312822 0.18842 0.170924 0.169414 0.140937 0.125342 0.432733 0.102797 0.0956543 1.07797 0.112338 0.0956017 0.0827558 0.311956 0.0357346 0.0340219
threshold=159.50000000000003 91618.000000000015 7066.5000000000009 -3395.4999999999995 9825.5000000000018 3.5000000000000004 41492.000000000007 42.172436000000005 32739.500000000004 668.50000000000011 32789.854166666672 2350.5000000000005 3.5000000000000004 63.774949867853586 91837.000000000015 1169.5000000000002 29997.666666666668 1.95 174.50000000000003 43678.000000000007 3101.5000000000005 173.50000000000003 1624.5000000000002 61.185387000000006 121.00000000000001 12256.000000000002 82376.500000000015 9546.0000000000018 32351.500000000004 41.593435500000005 17.25695120230171 -0.55000000000000038 108.50000000000001 13645.708333333336 1321.5000000000002 -6.7749999999999995 4.0250000000000012 3268.7819778240596 32969.000000000007 180.50000000000003 10.500000000000002 -2482.4999999999995 493.50000000000006
decision_type=2 2 2 2 2 2 2 2 2 2 2 2 2 2 2 2 2 2 2 2 2 2 2 2 2 2 2 2 2 2 2 2 2 2 2 2 2 2 2 2 2 2 2
left_child=1 7 10 4 -2 8 -4 -1 -6 -7 11 -3 13 14 -11 32 -17 34 19 20 27 22 29 24 -24 26 -14 30 35 -20 -5 -25 -9 -34 -18 36 -23 -37 -27 40 -39 -31 -41
right_child=3 2 6 18 5 9 -8 15 -10 12 -12 -13 25 -15 -16 16 17 -19 21 -21 -22 28 23 31 -26 38 -28 -29 -30 41 -32 -33 33 -35 -36 37 -38 39 -40 42 -42 -43 -44
leaf_value=-2.1926233127153858 -2.0773307583091478 -1.4003554921334389 -1.9756476222154247 0.080988013503739062 -1.7493611127909934 -1.4863540824015344 5.9674216708720378 -2.1608000062731865 -2.1424129519006097 1.4370519940735422 -2.1099543758466393 -2.2832184142395029 1.2359360750862991 1.6772815137781869 -2.1228826420916675 -1.828701942862877 -2.0813805680199766 -2.185741797703276 1.043599735604962 -0.082715353859287105 -0.66420752125658478 0.73514347393163015 -1.9767270511879098 0.11321551863869199 0.51604650601415092 1.3995072368856945 -1.8614194886101749 -0.00790372899034196 0.74103721271862721 0.24941600316533552 -0.0016873862218719181 1.0682553394065319 -2.1146261984252677 -2.0886270387977901 -2.0629692451987531 0.011278838411393481 -0.13697920246045767 -1.7631792536680557 1.2061396037331618 1.3615326720346101 1.585264577681762 1.2094134157173733 1.2439755747119756
leaf_weight=24 32 21 24 125 35 21 22 323 20 23 42 21 33 31 20 32 91 20 20 20 22 235 20 20 24 624 20 20 20 20 20 55 25 21 20 32 29 21 36 22 68 247 4385
leaf_count=24 32 21 24 125 35 21 22 323 20 23 42 21 33 31 20 32 91 20 20 20 22 235 20 20 24 624 20 20 20 20 20 55 25 21 20 32 29 21 36 22 68 247 4385
internal_value=1.07051e-05 -0.0227066 -0.0147348 0.00247733 0.000884817 0.00143205 -0.00475054 -0.0245621 -0.0062069 0.00195644 -0.0201546 -0.0147506 0.00223352 -0.00222672 -0.00598608 -0.025016 -0.0223666 -0.0246682 0.00273949 0.000666345 0.00137894 0.00282114 0.0018099 -0.000251889 -0.00442177 0.00270088 0.000112994 0.00207147 0.0029058 0.00267503 0.00256375 0.00215712 -0.0261718 -0.0236226 -0.0258686 0.00291793 0.00230594 0.00295289 0.00290411 0.0029659 0.00195286 0.00287533 0.00298564
internal_weight=7006 686 130 6320 895 863 46 556 55 808 84 42 787 74 43 532 163 131 5425 207 187 5218 406 119 44 713 53 165 4812 287 145 75 369 46 111 4792 264 4528 660 4496 89 267 4407
internal_count=7006 686 130 6320 895 863 46 556 55 808 84 42 787 74 43 532 163 131 5425 207 187 5218 406 119 44 713 53 165 4812 287 145 75 369 46 111 4792 264 4528 660 4496 89 267 4407
is_linear=0
shrinkage=0.03


Tree=6
num_leaves=44
num_cat=0
split_feature=47 48 16 0 56 7 32 39 24 16 46 47 21 28 16 37 55 14 26 12 47 48 7 47 47 62 50 12 37 56 26 53 47 53 26 4 66 55 62 16 1 1 60
split_gain=434.142 12.9311 14.3918 10.9818 7.72859 4.10265 3.55954 2.7884 2.67239 1.50731 3.8286 1.3834 1.2229 1.01126 0.767127 3.82183 1.35296 1.27132 0.918311 0.736786 0.636057 0.461201 0.564837 1.30996 0.316978 0.491838 0.308438 0.812754 0.191196 0.187572 0.153657 0.102797 0.102639 0.0431213 0.168101 0.145805 0.571513 0.0384396 0.0313156 0.138483 0.0232062 0.0224576 0.0159184
threshold=159.50000000000003 156.50000000000003 -1320.4999999999998 91618.000000000015 7066.5000000000009 20.500000000000004 60.029291537553668 41492.000000000007 42.172436000000005 1169.5000000000002 29997.666666666668 103.50000000000001 2.6142892768557444 -9.0113954999999972 -3395.4999999999995 9732.0000000000018 3.5000000000000004 91725.645833333358 53.826336166666671 87522.500000000015 163.50000000000003 175.50000000000003 22.500000000000004 208.50000000000003 174.50000000000003 2061.5833333333335 330.85416666666669 96659.000000000015 32351.500000000004 3.5000000000000004 57.051209666666672 1321.5000000000002 108.50000000000001 716.50000000000011 52.997469291666668 2.5000000000000004 6773.854166666667 6522.5000000000009 2601.1458333333335 -1074.4999999999998 1.2750000000000001 17.175000000000001 150.50000000000003
decision_type=2 2 2 2 2 2 2 2 2 2 2 2 2 2 2 2 2 2 2 2 2 2 2 2 2 2 2 2 2 2 2 2 2 2 2 2 2 2 2 2 2 2 2
left_child=3 2 5 8 6 19 11 -6 -1 32 -11 -5 -4 -12 15 -3 17 -17 -18 -2 -16 22 30 -24 25 40 27 41 33 -28 -22 -15 -10 34 -26 36 -36 -31 -37 -40 -23 -20 -35
right_child=1 14 12 4 7 -7 -8 -9 9 10 13 -13 -14 31 20 16 18 -19 26 -21 21 24 23 -25 28 -27 29 -29 -30 37 -32 -33 -34 42 35 38 -38 -39 39 -41 -42 -43 -44
leaf_value=-2.1268446133339238 -2.047607096535105 -1.9651578344645781 -2.1650674323677572 -2.0763224334436043 -1.9163781935489617 -0.83993590443297339 -1.9801945352303241 5.7883990207458762 -2.0959760060849915 -1.7738408845769911 -2.1201695437721777 -1.9071074810877799 0.59500550223209192 -2.0189391509793775 -0.015997925267037388 1.4023652940272504 -1.7836516937521929 -1.9881405616399652 1.0807360213480375 -2.1362803194991153 0.0041650530451839262 0.045317213057290008 0.046320649070555157 -0.11037216137558237 0.074557976486093205 -0.081676863057464744 0.14050001504000573 -0.87581751737534275 0.7188060963370686 1.3875220197791238 0.083293632870978795 -2.0010801678427903 -2.0506155751959225 1.6706437973779646 0.68697740644012806 0.5785034169102109 -0.29365661695154754 1.1953004807915744 0.22359991696524337 1.2642194036766476 0.045766630604545923 1.2429723928655334 1.2666563074706161
leaf_weight=24 22 22 22 43 24 20 20 22 323 32 20 21 77 91 23 25 23 21 48 20 21 20 38 20 20 29 20 20 20 636 101 20 46 33 61 811 20 20 20 52 51 20 3964
leaf_count=24 22 22 22 43 24 20 20 22 323 32 20 21 77 91 23 25 23 21 48 20 21 20 38 20 20 29 20 20 20 636 101 20 46 33 61 811 20 20 20 52 51 20 3964
internal_value=2.1411e-06 0.00246309 -0.00592179 -0.0226629 -0.0147348 -0.0172464 -0.0201546 -0.00475054 -0.0245082 -0.0249596 -0.0223666 -0.0236349 0.00115035 -0.0246682 0.00268286 0.00183838 0.00216781 -0.00279826 0.0024622 -0.0225891 0.00281839 0.00284032 0.00131594 -0.00108434 0.00289349 0.00116883 0.00264232 0.00091941 0.00292736 0.002862 0.00248157 -0.0258686 -0.0260905 0.00293911 0.00272228 0.00277876 0.00147965 0.00294925 0.00289435 0.00212205 0.00253165 0.00251101 0.00299167
internal_weight=7006 6320 161 686 130 62 84 46 556 532 163 64 99 131 6159 855 833 46 787 42 5304 5281 180 58 5101 100 764 88 5001 676 122 111 369 4981 984 964 81 656 883 72 71 68 3997
internal_count=7006 6320 161 686 130 62 84 46 556 532 163 64 99 131 6159 855 833 46 787 42 5304 5281 180 58 5101 100 764 88 5001 676 122 111 369 4981 984 964 81 656 883 72 71 68 3997
is_linear=0
shrinkage=0.03


Tree=7
num_leaves=44
num_cat=0
split_feature=47 48 16 57 16 17 67 55 26 47 16 44 53 16 37 26 48 66 14 47 52 54 55 62 15 63 12 63 50 43 48 65 43 20 47 67 46 22 60 15 1 31 31
split_gain=429.982 12.5311 11.7993 10.9002 7.6592 3.33781 3.19876 1.9685 1.90376 1.28496 1.08089 2.91285 1.57199 0.924987 2.02041 2.62899 1.63557 0.90055 0.789452 0.731093 1.37013 0.634887 0.649696 2.28053 0.357464 0.289519 0.538226 0.390342 0.234227 0.178435 0.128494 0.244182 0.114043 0.622018 0.103335 0.0471256 0.0353173 0.0333001 0.0288851 0.0264523 0.0190467 0.00420396 0.0203803
threshold=159.50000000000003 126.50000000000001 -1320.4999999999998 7300.5000000000009 2511.0000000000005 -0.57499999999999984 93260.000000000015 8816.5000000000018 60.568502229166675 219.50000000000003 1609.0000000000002 29936.500000000004 1393.5000000000002 -2283.9999999999995 10977.500000000002 59.044880312500005 171.50000000000003 4843.979166666667 84473.270833333358 168.50000000000003 1117.5000000000002 662.02083333333337 3.5000000000000004 2181.9583333333335 3878.582588966387 8067.5000000000009 109362.50000000001 8185.0000000000009 182.91666666666669 25626.000000000004 169.50000000000003 6692.0000000000009 32888.500000000007 19.775000000000002 115.50000000000001 92318.000000000015 33921.458333333336 0.95000000000000207 180.50000000000003 3268.7819778240596 6.0750000000000002 47.126563345094176 45.725954650865255
decision_type=2 2 2 2 2 2 2 2 2 2 2 2 2 2 2 2 2 2 2 2 2 2 2 2 2 2 2 2 2 2 2 2 2 2 2 2 2 2 2 2 2 2 2
left_child=3 2 8 5 6 -1 18 10 -2 -4 34 -12 35 14 15 -3 -16 -17 -5 20 40 -18 23 -23 -24 28 27 -27 -21 -26 31 -30 38 -34 -7 -13 39 -29 -31 -32 -15 42 -41
right_child=1 13 9 4 -6 7 -8 -9 -10 -11 11 12 -14 19 16 17 21 -19 -20 25 -22 22 24 -25 29 26 -28 37 30 32 36 -33 33 -35 -36 -37 -38 -39 -40 41 -42 -43 -44
leaf_value=-1.6823132639807041 -1.9891266652513959 -1.9186080292499814 -2.1769482089557566 -2.0898798698884478 -0.24906064231352085 -2.0115706579075052 -1.9734124255353194 -1.8611788030086405 -1.9992081933691694 2.3405221591278709 -1.622499238562251 -1.9539487984507184 -1.8072518987259474 0.057054266614430388 -1.4066533331214566 1.2312193401044551 -0.76296239682004086 -1.3132830979402266 -2.3759630733330814 0.043365535640425265 -0.048310985886559479 0.44378710476986072 -0.027722612292385491 -1.9374963439462936 0.068667545774000138 -0.0062047842486123135 -0.054304942107530049 0.23314139406419576 0.58125907433319957 1.3248963602139305 1.1361207102502411 -0.0030818405729772409 0.72435385455180801 -2.1337441335513492 -1.9677300249778469 -1.9803583827566991 0.081148301437022841 0.051578721985514629 1.2585653032865545 1.2771993869153015 0.003616038262528033 1.1663083745382012 1.2446582746381913
leaf_weight=24 23 36 20 24 27 339 39 21 31 59 20 79 20 37 25 62 31 20 35 36 22 57 22 20 20 31 20 154 39 24 25 22 87 20 33 25 21 20 960 99 20 4192 65
leaf_count=24 23 36 20 24 27 339 39 21 31 59 20 79 20 37 25 62 31 20 35 36 22 57 22 20 20 31 20 154 39 24 25 22 87 20 33 25 21 20 960 99 20 4192 65
internal_value=-1.84124e-05 0.00242987 -0.00667168 -0.0225754 -0.0144844 -0.02437 -0.0183792 -0.0248669 -0.0174677 0.00068268 -0.0252451 -0.0227967 -0.0245367 0.00262611 0.00193555 -0.00180356 0.00228655 0.00113277 -0.0228426 0.00282443 0 0.00244138 0.00255103 -7.78209e-05 0.00273233 0.00287229 0.00178587 0.00225256 0.00292592 0.00280803 0.00294549 0.001473 0.0028595 0.00184874 -0.0261784 -0.0260807 0.00296518 0.00280873 0.00296616 0.00297186 0.00241681 0.00297858 0.00261426
internal_weight=7006 6320 133 686 125 561 98 537 54 79 516 144 124 6187 1384 118 1266 82 59 4803 79 1241 1210 77 1133 4724 225 205 4499 1111 4463 61 1091 107 372 104 4402 174 984 4381 57 4356 164
internal_count=7006 6320 133 686 125 561 98 537 54 79 516 144 124 6187 1384 118 1266 82 59 4803 79 1241 1210 77 1133 4724 225 205 4499 1111 4463 61 1091 107 372 104 4402 174 984 4381 57 4356 164
is_linear=0
shrinkage=0.03


Tree=8
num_leaves=59
num_cat=0
split_feature=48 50 11 16 46 55 7 30 37 61 68 53 27 46 19 16 51 49 5 55 62 53 23 14 50 17 2 16 2 49 24 54 48 57 68 52 31 48 62 24 56 48 59 25 50 20 2 14 27 55 1 48 16 13 43 62 2 49
split_gain=325.608 32.7435 17.6636 11.6978 9.94405 6.67641 6.63498 4.15091 3.62815 3.81096 3.09963 2.83096 2.6728 2.54386 4.76428 3.89233 1.50495 2.31723 1.54862 1.21481 6.2735 2.03636 1.13775 2.98036 0.938418 1.76678 0.678439 0.585697 0.746037 0.512722 0.786108 0.804024 2.29683 0.500175 0.42276 0.395659 0.978609 0.347698 1.02346 0.336033 0.303427 0.846127 0.279667 0.156963 0.137353 1.10415 0.287707 0.840766 0.245063 0.489178 0.0354824 0.0267669 0.0261715 0.025486 0.0244071 0.724994 0.0243237 0.0231772
threshold=156.50000000000003 157.75000000000003 88115.500000000015 -1320.4999999999998 32811.083333333336 1707.0000000000002 23.500000000000004 56.947177201063802 7727.0000000000009 588.50000000000011 98800.500000000015 448.00000000000006 12.042128634081804 30546.166666666672 16.375000000000004 1860.0000000000002 663.50000000000011 145.50000000000003 2.5000000000000004 4.5000000000000009 2468.9791666666674 1597.5000000000002 90.766880000000015 96297.187500000015 193.79166666666671 5.2250000000000005 60.748380000000004 406.50000000000006 67.597910000000013 180.50000000000003 75.191945000000018 1185.8750000000002 493.50000000000006 6531.5000000000009 90478.500000000015 880.50000000000011 62.789589263344681 182.50000000000003 2114.2500000000005 61.427646000000003 3.5000000000000004 677.50000000000011 1418.5000000000002 60.734003000000008 340.79166666666669 22.339583333333341 44.502377500000009 90232.312500000015 16.948932523156149 150.50000000000003 22.725000000000005 173.50000000000003 -951.49999999999989 85226.500000000015 33025.500000000007 2401.4166666666674 65.533680000000018 191.50000000000003
decision_type=2 2 2 2 2 2 2 2 2 2 2 2 2 2 2 2 2 2 2 2 2 2 2 2 2 2 2 2 2 2 2 2 2 2 2 2 2 2 2 2 2 2 2 2 2 2 2 2 2 2 2 2 2 2 2 2 2 2
left_child=2 12 6 10 5 7 13 -5 9 -3 26 -10 -2 14 15 27 17 18 -13 20 21 50 24 -24 25 42 -4 34 -29 30 31 32 39 -15 -1 51 43 38 52 -21 41 56 -19 -37 45 46 47 -42 57 -50 -18 -26 -31 -33 -46 -56 -39 -48
right_child=1 8 3 4 -6 -7 -8 -9 11 -11 -12 16 -14 33 -16 -17 19 22 -20 29 -22 -23 23 -25 35 -27 -28 28 -30 37 -32 53 -34 -35 -36 36 -38 40 -40 -41 44 -43 -44 -45 54 -47 48 -49 49 -51 -52 -53 -54 -55 55 -57 -58 -59
leaf_value=-1.9921567629950296 -1.9528934428987843 -2.3443314719629567 -1.9015158083067951 -1.1728926091335921 -1.8453713479822635 0.49098915910761909 -1.6892516272663984 -1.9539157343172409 -1.4473892136462698 8.831801696545833 -1.8939375942474197 -1.94463508823987 -1.9825196496212911 -1.9026170791418235 -1.30949734834097 -1.8439689309915475 0.48477877515466516 0.063485938046579204 1.5299737988874258 0.78254913934913017 -1.8913992971788165 -1.3234396181737209 -1.8407661841127116 1.0376789341341697 0.079503406011187203 -0.75137990996733772 -1.9906187113681699 -1.9396650662352455 -1.9954446152303151 0.042805571231636745 0.36941638534710936 0.18660685580258496 -1.8910147370618606 -1.8861370133061366 -1.9295228377968698 0.042138787979747003 -0.051994294605229571 1.1718293084422629 -0.74365249514358955 -0.0101164680105537 1.1355144634223768 -1.9904959305137047 -0.0045156799350444992 0.41752401316259918 1.3381394000871538 -1.6454000048026207 0.44177229847155841 -2.1516335083749212 -0.036539140360085889 0.076799887017734908 1.8032787686212624 0.49225905013918858 0.043992070733572794 0.35031949121937139 1.1139426843408318 -1.707565113556085 1.2202567988924857 1.0031595911511846
leaf_weight=97 35 24 20 23 32 65 23 20 25 22 21 20 20 206 20 23 233 40 20 48 25 27 20 32 24 20 47 20 21 20 197 20 32 20 21 20 31 20 24 39 49 20 20 83 3202 38 27 20 20 38 20 339 66 62 289 20 56 920
leaf_count=97 35 24 20 23 32 65 23 20 25 22 21 20 20 206 20 23 233 40 20 48 25 27 20 32 24 20 47 20 21 20 197 20 32 20 21 20 31 20 24 39 49 20 20 83 3202 38 27 20 20 38 20 339 66 62 289 20 56 920
internal_value=-5.56647e-06 0.00211282 -0.0197467 -0.0129022 -0.00747323 -0.00308048 -0.0231966 -0.0122506 0.00231549 -0.00605206 -0.0214869 0.00237789 -0.0209074 -0.0240434 -0.0214795 -0.0230148 0.00241893 0.00106711 -0.00591022 0.00258184 0.00072763 0.00202428 0.00151645 -0.00270633 0.00190262 -0.00108614 -0.0246796 -0.0247014 -0.0210219 0.00268945 0.00163527 0.000298359 -0.00125945 -0.0263114 -0.0259356 0.00238986 0.000961969 0.00277567 0.00106267 0.00123995 0.00281494 0.00109261 0.00144759 0.00238603 0.00285004 0.00253844 0.00271762 0.000781476 0.00284748 0.000877797 0.00286843 0.00290829 0.00261324 0.0025944 0.00294779 0.0026011 0.00256242 0.00296484
internal_weight=7006 6327 679 228 140 108 451 43 6272 46 88 6226 55 428 202 182 6201 669 40 5532 305 280 629 52 577 80 67 159 41 5227 398 201 119 226 118 497 134 4829 110 87 4719 96 60 103 4623 1112 1074 69 1005 58 253 363 86 82 3511 309 76 947
internal_count=7006 6327 679 228 140 108 451 43 6272 46 88 6226 55 428 202 182 6201 669 40 5532 305 280 629 52 577 80 67 159 41 5227 398 201 119 226 118 497 134 4829 110 87 4719 96 60 103 4623 1112 1074 69 1005 58 253 363 86 82 3511 309 76 947
is_linear=0
shrinkage=0.03


Tree=9
num_leaves=48
num_cat=0
split_feature=47 57 52 17 16 26 52 55 0 51 55 14 50 0 28 47 65 22 23 57 50 63 10 50 42 49 1 32 31 26 15 25 2 2 61 15 31 15 47 46 43 47 21 44 16 50 2
split_gain=425.97 11.88 7.29308 3.30476 2.79831 6.34387 6.74589 5.80893 2.39113 2.05725 1.94336 1.85892 1.70853 1.70338 1.35644 1.20388 1.80163 1.18092 1.31662 0.938354 1.05801 0.86256 2.47789 0.729001 1.57335 0.379425 0.590161 1.2476 0.282969 0.228034 0.189836 0.205541 0.174449 0.33938 0.172311 0.226322 0.152276 0.619346 0.101097 0.0721785 0.0734707 0.223775 0.0378733 0.033175 0.142467 0.0335914 0.0101748
threshold=159.50000000000003 7300.5000000000009 1173.5000000000002 -0.57499999999999984 -3395.4999999999995 53.826336166666671 1305.5000000000002 3.5000000000000004 88596.500000000015 668.50000000000011 8816.5000000000018 90396.062500000015 157.75000000000003 93612.500000000015 -0.81234350000000066 166.50000000000003 3939.5000000000005 1.3000000000000005 81.203057500000014 3.5000000000000004 695.18750000000011 8067.5000000000009 0.56392291514228221 307.22916666666669 39903.208333333336 173.50000000000003 7.5750000000000002 55.358716846691145 52.670614136760484 55.912493729166677 3143.3857431424726 72.342355000000012 67.019027000000008 63.498436000000005 164.50000000000003 8673.1212289065388 66.925216158480268 5356.5873508065588 169.50000000000003 33899.687500000007 33919.500000000007 198.50000000000003 6.1894795993060496 25469.500000000004 -696.49999999999989 182.91666666666669 71.125838000000016
decision_type=2 2 2 2 2 2 2 2 2 2 2 2 2 2 2 2 2 2 2 2 2 2 2 2 2 2 2 2 2 2 2 2 2 2 2 2 2 2 2 2 2 2 2 2 2 2 2
left_child=1 3 8 -1 5 6 -2 11 14 -9 17 -7 -6 -4 -3 16 -14 21 -19 20 -11 32 -23 24 -21 26 27 -17 -29 -28 31 -27 33 -5 35 -32 38 -38 -36 42 41 -41 43 44 -40 -45 -18
right_child=4 2 13 10 12 7 -8 9 -10 19 -12 -13 15 -15 -16 25 46 18 -20 23 -22 22 -24 -25 -26 30 29 28 -30 -31 34 -33 -34 -35 36 -37 37 -39 39 40 -42 -43 -44 45 -46 -47 -48
leaf_value=-1.5720791631714319 -1.9226053139222765 -1.971412721847986 -2.4430718349342255 -1.8941450257960253 -1.9858766873786402 -1.7377392176542772 3.8040129842779629 -1.2609707609328142 -1.8676386193766625 -1.8078433333416961 -1.7499822984789137 -1.9034778641926504 -0.048104789864853656 0.78984170444670609 -1.9387650265723324 -0.95400182659379595 0.023220287958226921 -1.8341450245948565 -1.7479345893486284 1.0878849354929594 3.0273212815468256 -2.0012071126194688 -1.7712318098749855 1.2665310984624696 -1.7215158689011834 0.1095385469335281 0.44741993408629749 -0.041955541134075 0.31994671098918342 1.2364666162727609 -1.5461816173819807 -0.013090573895552984 -1.8617884130046556 -1.8325810012996422 0.014803836424063336 1.3227676898973402 -0.096136413401032073 1.1309085293178156 0.030349337784519464 -0.005512511925372365 0.095076558578775228 0.36543900385731998 1.2487691242450898 0.10811370431351541 0.053965462686316371 1.0907484542394943 0.034333653305234288
leaf_weight=24 21 34 20 80 34 29 21 20 28 35 21 30 20 23 20 35 20 31 20 41 32 47 23 646 20 21 34 23 71 245 20 20 291 24 34 25 30 100 20 21 45 28 20 22 57 4460 20
leaf_count=24 21 34 20 80 34 29 21 20 28 35 21 30 20 23 20 35 20 31 20 41 32 47 23 646 20 21 34 23 71 245 20 20 291 24 34 25 30 100 20 21 45 28 20 22 57 4460 20
internal_value=6.42309e-06 -0.0224442 -0.0140048 -0.0243165 0.00244411 0.000884817 -0.0104751 0.00144883 -0.019257 0.00212694 -0.024811 -0.00761421 0.00270078 -0.00389791 -0.0230129 0.00274341 -0.00144759 -0.025187 -0.0204305 0.00237566 -0.000983606 -0.0256977 -0.0222111 0.00269835 -0.000392799 0.00279117 0.00188924 0.000185903 0.0020085 0.00266571 0.00286527 0.000729927 -0.0263022 -0.0246398 0.00288257 0.000931264 0.00290008 0.00182168 0.00292919 0.00294152 0.0020085 0.0010998 0.00295997 0.00296637 0.00217899 0.00297918 0.00216958
internal_weight=7006 686 125 561 6320 895 42 853 82 794 537 59 5425 43 54 5391 60 516 51 774 67 465 70 707 61 5331 408 129 94 279 4923 41 395 104 4882 45 4837 130 4707 4673 94 49 4579 4559 77 4482 40
internal_count=7006 686 125 561 6320 895 42 853 82 794 537 59 5425 43 54 5391 60 516 51 774 67 465 70 707 61 5331 408 129 94 279 4923 41 395 104 4882 45 4837 130 4707 4673 94 49 4579 4559 77 4482 40
is_linear=0
shrinkage=0.03


Tree=10
num_leaves=62
num_cat=0
split_feature=50 49 7 37 55 18 70 51 55 20 49 44 0 51 16 25 49 58 13 3 26 0 33 49 16 26 50 62 19 18 51 62 44 21 43 38 25 15 3 43 18 0 0 27 54 52 18 22 62 46 38 37 13 0 54 46 21 2 0 26 27
split_gain=177.892 45.0115 49.6297 25.428 23.337 9.78363 8.7799 9.61173 8.11446 26.2691 8.47327 5.7593 10.1049 4.36015 4.10347 3.94766 3.5861 5.80162 7.07018 3.18254 2.94783 6.026 9.54672 2.22973 1.95431 1.89703 1.75556 2.2393 2.63506 3.10637 2.48511 1.11329 10.4179 0.659985 0.427815 0.401576 0.368799 0.343486 0.369175 0.243715 1.14688 0.226322 0.162958 0.162548 0.159621 0.450747 1.10534 0.188707 0.0906478 0.657387 0.0638234 0.113264 0.0359617 0.0342685 0.0320069 0.138226 0.0295346 0.0258369 0.0229637 0.0170451 0.016021
threshold=157.75000000000003 145.50000000000003 22.500000000000004 7727.0000000000009 842.50000000000011 18.675000000000001 93245.479166666672 807.50000000000011 3.5000000000000004 17.313541666666669 222.50000000000003 30020.500000000004 90546.000000000015 1061.5000000000002 628.50000000000011 53.308544000000005 173.50000000000003 2401.7291666666674 92364.500000000015 54.179206840875331 55.019312312500013 91618.000000000015 3.2660042761571249 233.50000000000003 317.50000000000006 84.141737916666685 218.97916666666671 1960.2708333333337 7.8250000000000002 1.925 663.50000000000011 2641.5000000000005 32969.000000000007 4.8221747753554718 32926.500000000007 7430.2083333333339 62.673812000000005 3359.1889780533679 59.405642455615286 25499.500000000004 11.275000000000002 93763.500000000015 90915.000000000015 17.38020708596331 858.54166666666674 1024.5000000000002 -0.87499999999999989 2.024999999999999 2571.6250000000005 32716.729166666668 8487.7083333333339 11048.000000000002 113091.00000000001 107660.00000000001 671.70833333333337 33546.562500000007 4.4320018330053257 51.642525000000006 94148.500000000015 55.912493729166677 15.61168253632958
decision_type=2 2 2 2 2 2 2 2 2 2 2 2 2 2 2 2 2 2 2 2 2 2 2 2 2 2 2 2 2 2 2 2 2 2 2 2 2 2 2 2 2 2 2 2 2 2 2 2 2 2 2 2 2 2 2 2 2 2 2 2 2
left_child=11 2 4 5 6 60 7 24 9 36 -11 12 14 -12 -1 -6 17 18 -10 -17 21 22 -18 -15 -2 -13 27 43 29 41 -31 35 34 -23 -33 -28 -5 38 -37 40 -39 -29 -8 53 45 47 -47 54 50 -50 51 -46 -38 -22 55 56 -41 -19 -30 -52 -3
right_child=1 3 -4 8 15 -7 42 -9 16 10 13 25 -14 23 -16 19 20 57 -20 -21 26 33 -24 -25 -26 -27 31 28 58 30 -32 32 -34 -35 -36 37 52 39 -40 44 -42 -43 -44 -45 48 46 -48 -49 49 -51 59 -53 -54 -55 -56 -57 -58 -59 -60 -61 -62
leaf_value=-1.805932899588742 -1.8439491210731132 -1.8465664791205918 1.349372617784578 -0.013569491436304528 2.3005931127448047 -1.085988240258986 -1.7793366746906234 1.1163132303281156 -1.9542397651517576 -1.7953053835583248 -1.6120369150035261 -1.8742291069825652 0.15819653731602504 1.2942884698309873 -1.5708243184122941 -1.7769058799117738 -2.3379199778523634 0.087000778576671406 0.35086821619478342 -0.77706150949750608 0.39214333247014066 2.7624091690239556 1.0040628396478526 -1.749068023093955 -1.4878613538205707 -1.9385844631722509 -0.093004179271323928 0.05177315434386693 1.0679686844551888 -1.8294231798309806 -0.30426468096696663 1.1964227154668532 -1.77606039767422 -1.9734098529233608 0.54175900694197765 -0.06701544907756235 0.36080215604496335 -0.014420151454528258 1.0726972225155875 1.1810735327314907 0.07382216600994905 -0.013178754069597884 -1.7506655665354283 -0.00090702660641413723 1.2938852621341839 -0.04422785265320299 0.89500098818679363 0.078895494832479485 1.3015317881000676 -1.5946386396846826 1.2505456601056455 1.3590155758671738 0.058998011599041784 0.084362862607221367 0.99943066686515769 0.021955057167517795 0.94008019346284388 0.14285744861687827 0.12816103625798353 1.161773683694431 -2.7860012406930346
leaf_weight=63 31 20 240 21 45 26 103 28 30 37 22 171 26 28 28 33 27 20 29 28 182 121 31 30 20 20 35 25 50 26 34 285 30 20 33 20 261 24 21 93 92 20 20 20 20 20 37 37 118 20 32 31 20 20 358 20 20 64 20 3576 24
leaf_count=63 31 20 240 21 45 26 103 28 30 37 22 171 26 28 28 33 27 20 29 28 182 121 31 30 20 20 35 25 50 26 34 285 30 20 33 20 261 24 21 93 92 20 20 20 20 20 37 37 118 20 32 31 20 20 358 20 20 64 20 3576 24
internal_value=-1.84124e-05 0.0010064 -0.00723043 0.00174095 -0.0151996 -0.0162197 -0.0211826 -0.0132743 0.00194849 -0.00207588 -0.0141418 -0.0223077 -0.0169599 -0.00857678 -0.0216685 -0.0037606 0.00224691 -0.00243187 -0.00964467 -0.00873977 0.00236875 -0.00120542 -0.00934595 -0.00418244 -0.0210176 -0.0255573 0.00250306 0.000574163 -0.00195317 -0.0049667 -0.00943428 0.00265801 0.00100833 0.00212615 0.00261239 0.00278284 0.00259186 0.00280761 1.09855e-10 0.00283253 0.00142119 0.000931264 -0.0262226 0.00257992 0.00286917 0.00237908 -0.000105079 0.00265291 0.00294383 0.00210717 0.0029745 0.00176125 0.00288154 0.00283523 0.00281002 0.00229902 0.00270557 0.00260404 0.00252496 0.00299077 -0.0248299
internal_weight=7006 6698 548 6150 308 70 202 79 6080 419 117 308 117 80 91 106 5661 143 59 61 5518 199 58 58 51 191 5319 397 175 105 60 4922 348 141 318 4574 302 4539 41 4498 116 45 123 222 4382 585 57 528 3797 138 3659 51 281 202 491 133 113 84 70 3608 44
internal_count=7006 6698 548 6150 308 70 202 79 6080 419 117 308 117 80 91 106 5661 143 59 61 5518 199 58 58 51 191 5319 397 175 105 60 4922 348 141 318 4574 302 4539 41 4498 116 45 123 222 4382 585 57 528 3797 138 3659 51 281 202 491 133 113 84 70 3608 44
is_linear=0
shrinkage=0.03


Tree=11
num_leaves=48
num_cat=0
split_feature=47 57 52 17 50 16 26 52 55 62 0 47 55 19 52 22 23 28 63 10 64 0 45 32 65 4 49 19 55 21 22 50 2 2 1 0 50 63 16 15 18 43 43 60 51 22 0
split_gain=416.589 12.6424 8.70149 3.20658 2.72617 2.43955 6.44838 6.74589 5.93858 3.46835 2.39113 2.18942 1.86885 1.8337 1.47703 1.44066 1.61086 1.35644 1.24411 2.47751 1.00303 0.956169 0.918407 2.75749 0.900209 0.348749 0.94233 0.490475 0.307633 0.878559 0.239301 0.187497 0.184918 0.330012 0.158818 0.153346 0.152694 0.129764 0.0689575 0.497715 0.59241 0.0402754 0.0782026 0.0383537 0.0382422 0.0361249 0.0288264
threshold=159.50000000000003 7300.5000000000009 1173.5000000000002 -0.57499999999999984 157.75000000000003 -3395.4999999999995 53.826336166666671 1305.5000000000002 3.5000000000000004 2294.2291666666674 88596.500000000015 174.50000000000003 8816.5000000000018 8.6250000000000018 1823.5000000000002 1.3000000000000005 81.203057500000014 -0.81234350000000066 7766.5000000000009 0.56392291514228221 7827.0000000000009 93612.500000000015 32732.500000000004 58.089347140716846 2864.5000000000005 5.5000000000000009 93.500000000000014 -11.074999999999998 17.500000000000004 4.2980314882226898 -0.90000000000000002 248.77083333333337 67.019027000000008 63.498436000000005 2.7750000000000004 101829.50000000001 182.91666666666669 8129.5000000000009 -1845.4999999999998 4830.1685052305847 0.62500000000000011 33898.500000000007 33919.500000000007 199.50000000000003 632.50000000000011 -1.0749999999999991 83740.000000000015
decision_type=2 2 2 2 2 2 2 2 2 2 2 2 2 2 2 2 2 2 2 2 2 2 2 2 2 2 2 2 2 2 2 2 2 2 2 2 2 2 2 2 2 2 2 2 2 2 2
left_child=1 3 10 -1 -2 6 7 -6 9 -8 17 13 15 24 -15 18 -17 -3 32 -20 22 -4 34 -24 -7 26 -13 -28 29 30 -29 46 33 -5 -10 -25 -27 44 39 40 -38 -40 -43 -36 -30 -41 -26
right_child=4 2 21 12 5 11 8 -9 20 -11 -12 25 -14 14 -16 16 -18 -19 19 -21 -22 -23 23 35 31 36 27 28 37 -31 -32 -33 -34 -35 43 -37 38 -39 41 45 -42 42 -44 -45 -46 -47 -48
leaf_value=-1.4699404606765427 -1.8062279945019808 -1.8574776872375875 -2.332099995121061 -1.7819478333766587 -1.7985930232654859 -0.029581120323537002 -1.1363276123565038 3.6070203237139089 0.021515648797158636 -1.8344599288580306 -1.7546624917589355 -1.1589861522729954 -1.6878735656301307 -0.66504182935120315 0.00078978237134265188 -1.7228938007780548 -1.6421919117168109 -1.8243752025656856 -1.8766479665363025 -1.6438679821010378 -0.90518010804078852 0.81507414323020699 -1.8726934219205953 0.89085624395650109 0.0099303255357927871 0.22010521777664196 -0.050312532986619474 0.29186447587045383 0.31910681639113436 -0.039998898740548905 0.34729110829741289 0.0018798816182277356 -1.754108282686865 -1.7222307300393698 1.1601561437613768 1.142942652130803 0.57047357878183025 0.74779670763973105 1.0877198694078045 1.1304426590570011 -0.22103435465967053 0.13900660320286001 0.092241344394255936 1.1738259767040824 0.92702968207648473 1.1422875232173451 0.039827599248511744
leaf_weight=24 38 34 20 78 21 25 39 21 23 20 28 21 21 20 24 31 20 20 49 25 20 23 25 20 20 24 25 30 20 36 129 30 289 24 20 75 21 27 3900 20 20 27 41 607 573 272 86
leaf_count=24 38 34 20 78 21 25 39 21 23 20 28 21 21 20 24 31 20 20 49 25 20 23 25 20 20 24 25 30 20 36 129 30 289 24 20 75 21 27 3900 20 20 27 41 607 573 272 86
internal_value=-2.26944e-05 -0.0222256 -0.0135252 -0.0241561 0.00238715 0.00243597 0.000976321 -0.0104751 0.00154752 -0.00761421 -0.019257 0.00267663 -0.0246435 -0.000351048 -0.00578231 -0.0250126 -0.0198434 -0.0230129 -0.0255687 -0.0216599 0.00223643 -0.0025058 0.00241138 0 0.00111732 0.0027969 0.00222971 0.002389 0.00251748 0.00144541 0.00241358 0.00209405 -0.0262951 -0.0245935 0.00285648 0.00233438 0.00290907 0.00284954 0.00292251 0.00244971 -0.000583941 0.00296137 0.00207048 0.0029469 0.00294385 0.002886 0.00268615
internal_weight=7006 686 125 561 6320 6282 891 42 849 59 82 5391 537 205 44 516 51 54 465 74 790 43 770 120 161 5186 861 840 815 195 159 136 391 102 650 95 4325 620 4301 333 41 3968 68 627 593 292 106
internal_count=7006 686 125 561 6320 6282 891 42 849 59 82 5391 537 205 44 516 51 54 465 74 790 43 770 120 161 5186 861 840 815 195 159 136 391 102 650 95 4325 620 4301 333 41 3968 68 627 593 292 106
is_linear=0
shrinkage=0.03


Tree=12
num_leaves=53
num_cat=0
split_feature=47 57 48 16 52 55 0 61 1 47 48 22 50 28 47 48 16 44 16 25 0 2 16 55 14 23 0 65 44 53 22 46 5 66 59 15 4 33 47 50 50 49 5 56 15 49 31 16 16 31 0 7
split_gain=415.304 12.6424 12.3097 11.7993 8.70149 3.20658 2.39113 2.26299 1.81608 1.75719 1.99092 1.41386 1.66659 1.35644 1.28496 1.26163 1.86786 1.08806 3.35546 0.972531 0.956169 0.855343 0.755272 2.34305 2.17797 0.843331 2.59324 0.689855 0.457283 1.14205 0.377435 0.323644 0.388198 0.168012 1.56832 0.173975 0.165159 0.53539 0.159031 0.14738 0.50343 0.0831542 0.089577 0.0552843 0.114924 0.0481585 0.149035 0.0497706 0.0760136 0.0838572 0.0210531 0.0070814
threshold=159.50000000000003 7300.5000000000009 126.50000000000001 -1320.4999999999998 1173.5000000000002 8816.5000000000018 88596.500000000015 1273.5000000000002 -0.17499999999999996 176.50000000000003 311.50000000000006 1.3000000000000005 138.37500000000003 -0.81234350000000066 219.50000000000003 171.50000000000003 -2283.9999999999995 29763.500000000004 628.50000000000011 75.56948300000002 93612.500000000015 88.320060000000012 -3395.4999999999995 3.5000000000000004 90074.604166666686 56.105232500000007 90915.000000000015 6817.5000000000009 25516.000000000004 1741.5000000000002 1.95 32917.104166666672 3.5000000000000004 6138.3125000000009 4672.5000000000009 3143.3857431424726 2.5000000000000004 3.4512546586102801 103.50000000000001 218.18750000000003 300.79166666666669 171.50000000000003 2.5000000000000004 9144.5000000000018 5512.3200266761696 195.50000000000003 47.923042822535322 -845.49999999999989 -1190.4999999999998 60.164707378324614 99033.000000000015 7.5000000000000009
decision_type=2 2 2 2 2 2 2 2 2 2 2 2 2 2 2 2 2 2 2 2 2 2 2 2 2 2 2 2 2 2 2 2 2 2 2 2 2 2 2 2 2 2 2 2 2 2 2 2 2 2 2 2
left_child=1 5 3 7 6 8 13 -2 -1 10 21 17 -13 -3 -5 16 -11 18 -10 -12 -6 39 23 24 -17 26 -25 -18 29 -24 31 41 -33 35 36 -30 37 -35 51 -4 -41 42 -27 -38 -45 46 -37 48 49 -48 -28 -19
right_child=2 4 9 14 20 -7 -8 -9 11 15 19 12 -14 -15 -16 22 27 38 -20 -21 -22 -23 28 25 -26 30 50 -29 33 -31 -32 32 -34 34 -36 45 43 -39 -40 40 -42 -43 -44 44 -46 -47 47 -49 -50 -51 -52 -53
leaf_value=-1.6009707050613831 -1.7568698592497878 -1.8017533566204602 0.047084799960867209 -1.882329609501483 -2.2621369952674288 -1.624127984340404 -1.702022617006167 -1.7027214467571254 -1.5979394604295094 -1.4026377897752553 -0.0083390636599075581 -1.6712069861488128 -1.5988822426749494 -1.7696439464887153 2.1867429436195356 1.3449074646716925 0.64321508145938844 -1.9184741730423864 -1.3880885320567409 -0.03806222889285938 0.79062191893330047 -0.010710091090534191 -0.023733488975259558 -1.625966288422471 -1.7381870302342002 2.8214322732852457 3.3167735113418648 -0.01528484504111664 0.037820807261776959 3.0067522508456315 -0.13704152632186567 0.57709298168146794 -1.9101546133371414 0.31166109493176014 -0.028392088220671186 0.34739411088815897 0.35470023646612409 -0.089005401846422194 -1.7383688784789602 -0.013889735672953762 0.028520214208360276 1.1301363431825586 0.84960886197660757 0.11109130107679002 1.064973204293912 1.0980212205173199 0.33478580971962146 0.50273304545872655 0.13081421467608392 0.3546362937814953 11.50052469671091 -1.7247174385414645
leaf_weight=26 21 34 95 20 20 24 28 33 62 20 27 21 31 20 59 27 65 34 30 23 23 20 21 21 27 20 20 25 22 49 20 23 20 49 20 21 432 20 33 20 41 606 20 20 32 3859 99 302 26 32 43 300
leaf_count=26 21 34 95 20 20 24 28 33 62 20 27 21 31 20 59 27 65 34 30 23 23 20 21 21 27 20 20 25 22 49 20 23 20 49 20 21 432 20 33 20 41 606 20 20 32 3859 99 302 26 32 43 300
internal_value=-5.69503e-05 -0.0222256 0.00234917 -0.00667168 -0.0135252 -0.0241561 -0.019257 -0.0174677 -0.0246435 0.00254368 -3.98053e-05 -0.0250518 -0.0199808 -0.0230129 0.00068268 0.00264213 -0.000517711 -0.0256153 -0.0223778 -0.00532934 -0.0025058 0.00144804 0.00270206 0.00186283 -0.00415896 0.00227714 -0.000535077 0.00129856 0.00284347 0.000385164 0.00261458 0.002734 0.000139211 0.00287773 0.00236608 0.00294421 0.0026686 0.00121563 -0.0264124 0.00221012 0.000981997 0.00290203 0.00142145 0.00286924 0.00178503 0.00295776 0.0026182 0.00273143 0.00221515 0.00251716 0.00247227 -0.0267136
internal_weight=7006 686 6320 133 125 561 82 54 537 6187 226 511 52 54 79 5961 110 459 92 50 43 176 5851 847 54 793 84 90 5004 70 709 689 43 4934 573 4361 553 69 367 156 61 646 40 484 52 4339 480 459 157 131 63 334
internal_count=7006 686 6320 133 125 561 82 54 537 6187 226 511 52 54 79 5961 110 459 92 50 43 176 5851 847 54 793 84 90 5004 70 709 689 43 4934 573 4361 553 69 367 156 61 646 40 484 52 4339 480 459 157 131 63 334
is_linear=0
shrinkage=0.03


Tree=13
num_leaves=57
num_cat=0
split_feature=47 57 48 4 52 4 17 37 28 50 45 47 48 1 4 48 46 11 65 54 39 19 47 4 37 60 62 43 57 13 64 47 63 43 15 25 65 46 33 15 40 54 59 62 26 33 51 48 47 24 62 1 44 19 26 26
split_gain=413.188 13.229 12.2579 10.029 8.32356 3.6413 3.20658 2.22477 1.84767 1.90444 2.53296 1.7448 1.66622 1.39006 2.40375 1.16811 1.07147 1.06065 1.00908 1.27016 0.956169 0.827326 0.799636 0.629918 1.40167 3.78502 0.513135 1.47919 0.362883 0.619579 0.321871 0.271626 0.242006 0.239397 0.216958 0.214186 0.181025 0.158772 0.239646 0.125303 0.118847 0.0906271 0.689006 0.170865 0.099302 0.0774143 0.0317425 0.229542 0.455754 0.0358954 0.10363 0.0247308 0.0194578 0.0166022 0.00268027 0.00599527
threshold=159.50000000000003 7300.5000000000009 126.50000000000001 6.5000000000000009 1173.5000000000002 3.5000000000000004 -0.57499999999999984 10795.500000000002 -3.0427475000000004 188.56250000000003 32455.500000000004 183.50000000000003 277.50000000000006 6.4250000000000016 9.5000000000000018 169.50000000000003 30123.583333333336 97285.500000000015 2522.5000000000005 795.43750000000011 41492.000000000007 8.6250000000000018 230.50000000000003 5.5000000000000009 10977.500000000002 1306.5000000000002 2662.541666666667 32704.500000000004 16.500000000000004 85100.000000000015 8547.5000000000018 108.50000000000001 6978.0000000000009 25499.500000000004 3721.9435420113314 54.779695000000011 3402.5000000000005 25487.979166666668 2.1149563054880112 3359.1889780533679 33975.000000000007 858.54166666666674 4514.0000000000009 2554.1250000000005 53.439748687500007 1.8517436309018096 1380.5000000000002 1143.0000000000002 515.50000000000011 89.168762500000014 1921.0208333333335 18.325000000000006 33917.500000000007 -11.074999999999998 51.623631229166676 50.476544937500002
decision_type=2 2 2 2 2 2 2 2 2 2 2 2 2 2 2 2 2 2 2 2 2 2 2 2 2 2 2 2 2 2 2 2 2 2 2 2 2 2 2 2 2 2 2 2 2 2 2 2 2 2 2 2 2 2 2 2
left_child=1 6 3 5 7 -2 -1 -3 9 -8 -11 12 21 14 32 16 -13 -18 -14 -20 -6 36 -5 24 25 -17 30 51 29 -27 33 35 -10 -26 -35 -15 -4 38 -25 -39 -9 42 43 44 -41 -38 47 49 -49 -36 -51 -28 53 -46 55 -43
right_child=2 4 11 22 20 -7 8 40 13 10 -12 15 18 31 -16 23 17 -19 19 -21 -22 -23 -24 37 26 28 27 -29 -30 -31 -32 -33 -34 34 46 -37 45 39 -40 41 -42 54 -44 -45 52 -47 -48 48 -50 50 -52 -53 -54 -55 -56 -57
leaf_value=-1.3778131257044051 -1.5466485622365711 -1.7321225667392517 0.0017266581106173762 -1.6526143671385671 -2.1942728854094056 -1.6951345532208482 -1.6498415147194341 -1.7101816616269006 -1.6819022106641617 -1.6156767860133323 -1.6048156061958816 1.0907290767035651 0.025197299406322211 -1.7358938436551239 -1.6557224724083408 -1.6470429173629617 -1.0448324968450613 0.064595575640020275 0.015273504067491296 -0.035258227859620385 0.6456858811588273 -0.0068452962980037734 3.2225139621270378 3.1020137332479005 0.013299159959862175 1.0519599032407994 0.70751168901716788 -1.6726940893884843 1.0912350265378643 -1.5258697886794845 0.1421846734431689 -1.6820867550817127 -1.6181761885470809 0.099686187111940966 0.73055604483948611 -1.6265435046070351 0.031543503791553726 0.92478738496715474 -0.027927310545979137 0.28086673352608127 -1.7255942996573166 4.3850335520208619 -0.027104293357078788 0.83043827552443872 0.80435933080638933 0.047227589079055471 1.1330728761301709 -0.063127890060613326 6.0372124952713282 0.63833169550945079 0.21660721501067143 1.6248947829205818 0.11227676209329322 0.62575796338594469 1.1116755679924426 1.5882841137758177
leaf_weight=24 23 34 32 21 20 38 40 24 45 26 21 38 24 20 29 29 28 20 21 34 23 29 51 28 31 23 20 28 78 20 23 27 23 35 321 306 36 28 20 32 24 26 20 20 31 142 711 20 32 42 23 58 27 574 3459 24
leaf_count=24 23 34 32 21 20 38 40 24 45 26 21 38 24 20 29 29 28 20 21 34 23 29 51 28 31 23 20 28 78 20 23 27 23 35 321 306 36 28 20 32 24 26 20 20 31 142 711 20 32 42 23 58 27 574 3459 24
internal_value=-6.97962e-05 -0.0221819 0.00233018 -0.00667168 -0.0132854 -0.0156137 -0.0241561 -0.0188916 -0.0246435 -0.0203904 -0.016051 0.00252428 0.000348947 -0.0254543 -0.0219979 0.00264163 -0.000801394 -0.00380457 -0.0034134 -0.00566243 -0.0025058 0.00160602 0.000873786 0.00269337 0.00215447 -0.000579613 0.00246187 0.000424128 0.0017341 -0.000417633 0.00263387 -0.0263891 -0.0251542 0.00270101 0.00276919 -0.0267065 0.00227035 0.00288032 0.00106029 0.00290019 -0.0231393 0.00291377 0.00256924 0.00273206 0.00281434 0.00264458 0.00284048 0.0025816 0.000633397 0.00283605 0.00202765 0.00257362 0.00289986 0.00294497 0.00298196 0.00233533
internal_weight=7006 686 6320 133 125 61 561 82 537 87 47 6187 318 450 97 5869 86 48 79 55 43 239 72 5783 1494 150 1344 106 121 43 1238 353 68 1215 1184 326 210 4289 48 4241 48 4213 704 684 664 178 1149 438 52 386 65 78 632 605 3509 50
internal_count=7006 686 6320 133 125 61 561 82 537 87 47 6187 318 450 97 5869 86 48 79 55 43 239 72 5783 1494 150 1344 106 121 43 1238 353 68 1215 1184 326 210 4289 48 4241 48 4213 704 684 664 178 1149 438 52 386 65 78 632 605 3509 50
is_linear=0
shrinkage=0.03


Tree=14
num_leaves=52
num_cat=0
split_feature=47 57 48 16 0 55 50 47 48 34 7 1 49 22 50 47 16 26 0 48 44 16 56 22 43 19 55 62 34 50 47 15 19 65 47 15 48 59 49 1 62 47 24 1 50 47 2 7 49 65 49
split_gain=410.563 14.4413 11.6777 11.0905 7.80946 3.20658 2.1658 1.90913 1.92654 1.82409 1.82305 1.81608 1.80371 1.41386 1.66659 1.28496 1.13165 1.91414 3.97815 1.1757 1.08806 3.35546 0.887618 0.856835 0.839466 0.827326 0.5347 1.65023 0.438798 0.360625 0.999144 0.359105 0.238454 0.181025 0.159031 0.147251 0.102395 0.326194 0.0871323 0.313417 0.101609 0.0656472 0.0624141 0.0922499 0.0375939 0.114924 0.0331775 0.0070814 0.00272153 0.0190305 0.0138816
threshold=159.50000000000003 7300.5000000000009 126.50000000000001 -1320.4999999999998 88596.500000000015 8816.5000000000018 255.33333333333334 183.50000000000003 277.50000000000006 0.49342213359569348 18.500000000000004 -0.17499999999999996 165.50000000000003 1.3000000000000005 138.37500000000003 219.50000000000003 -1809.4999999999998 53.826336166666671 96037.500000000015 171.50000000000003 29763.500000000004 628.50000000000011 7957.0000000000009 2.024999999999999 25499.500000000004 8.6250000000000018 3.5000000000000004 2214.8958333333339 -0.12938409859729202 329.31250000000006 415.50000000000006 3878.582588966387 -14.324999999999998 3402.5000000000005 103.50000000000001 8673.1212289065388 186.50000000000003 4359.5000000000009 180.50000000000003 16.625000000000004 2933.4375000000005 187.50000000000003 86.548084500000016 1.6250000000000002 384.04166666666669 329.50000000000006 59.620587500000006 7.5000000000000009 189.50000000000003 8825.5000000000018 186.50000000000003
decision_type=2 2 2 2 2 2 2 2 2 2 2 2 2 2 2 2 2 2 2 2 2 2 2 2 2 2 2 2 2 2 2 2 2 2 2 2 2 2 2 2 2 2 2 2 2 2 2 2 2 2 2
left_child=1 5 3 10 12 11 -6 8 25 28 -2 -1 -3 20 -15 -5 17 18 -9 -19 21 -13 -8 24 -21 33 27 35 -10 30 31 -28 -18 -4 47 -26 37 44 39 -31 -40 -38 -35 -44 -34 -46 -33 -22 49 50 -43
right_child=2 4 7 15 6 -7 22 16 9 -11 -12 13 -14 14 -16 -17 32 19 -20 23 34 -23 -24 -25 26 -27 29 -29 -30 38 -32 46 36 42 -36 -37 41 -39 40 -41 -42 48 43 -45 45 -47 -48 -49 -50 -51 -52
leaf_value=-1.5074385502484386 -1.6507299523808217 -1.6939029225748581 0.0016748583672989926 -1.7765991875269835 -1.5673309927310819 -1.5272596766243163 -1.4686837949818883 -1.6591558527533159 -0.015141902394005436 -0.026060645086045081 -1.5394406195888495 -1.5008769201630801 -1.8143576160973327 -1.5715755311227655 -1.5027713071942583 2.0530801992278249 0.68885942032634551 -0.84242390974282388 3.1378587730438299 -0.029860512278583332 -1.8122214431962773 -1.2976495709568274 5.4444176421769352 -0.030462743727482568 0.54646448332652875 -0.0066399374090638898 -0.035965028329085012 -1.6845706514732621 0.03587175580922819 -0.10430991229884029 -0.96889382200314822 0.98255993287107146 0.2405754617873716 0.044655740296346169 -1.6357552094721401 1.1019970810127353 0.17910018125789895 -0.017314382308928171 1.0630503155867368 1.18890093600838 0.36093984666760409 0.62509316833336648 0.066080731378024934 0.059652305496420886 0.013987004787678954 5.419567572886149 0.70863935743184969 -1.6223568748879937 1.0488721175442166 1.2285185329796939 1.259408774973525
leaf_weight=26 33 25 32 20 20 24 20 25 25 31 21 62 38 21 31 59 35 24 38 24 34 30 22 32 64 29 20 20 23 20 33 20 113 137 33 20 49 20 1014 56 35 319 20 21 20 32 151 300 3634 23 28
leaf_count=26 33 25 32 20 20 24 20 25 25 31 21 62 38 21 31 59 35 24 38 24 34 30 22 32 64 29 20 20 23 20 33 20 113 137 33 20 49 20 1014 56 35 319 20 21 20 32 151 300 3634 23 28
internal_value=-5.26683e-05 -0.0220944 0.00233968 -0.00644628 -0.0128058 -0.0241561 -0.00516908 0.00252913 0.000254637 -0.00379267 -0.0169131 -0.0246435 -0.0202536 -0.0250518 -0.0199808 0.00068268 0.00265185 0.00196416 -0.00313788 0.00217598 -0.0256153 -0.0223778 -0.0012114 0.00228215 0.00238846 0.00160602 0.00248159 0.00037464 -6.23699e-05 0.00264176 0.00151272 0.00235479 0.00290796 0.00227035 -0.0264124 0.00224732 0.00292843 0.0021718 0.00286375 0.00177398 0.00293966 0.00296218 0.00264458 0.00145985 0.0026166 0.00178503 0.00280538 -0.0267136 0.0029767 0.00274791 0.00281763
internal_weight=7006 686 6320 133 125 561 62 6187 318 79 54 537 63 511 52 79 5869 1596 63 1533 459 92 42 1509 1477 239 1453 104 48 1349 224 191 4273 210 367 84 4238 185 1125 76 1049 4053 178 41 165 52 171 334 4004 370 347
internal_count=7006 686 6320 133 125 561 62 6187 318 79 54 537 63 511 52 79 5869 1596 63 1533 459 92 42 1509 1477 239 1453 104 48 1349 224 191 4273 210 367 84 4238 185 1125 76 1049 4053 178 41 165 52 171 334 4004 370 347
is_linear=0
shrinkage=0.03


end of trees

feature_importances:
Column_47=52
Column_16=47
Column_50=30
Column_55=30
Column_48=29
Column_0=23
Column_37=22
Column_62=21
Column_26=20
Column_49=20
Column_57=17
Column_15=16
Column_46=16
Column_22=15
Column_44=15
Column_1=14
Column_2=12
Column_43=12
Column_60=12
Column_19=11
Column_24=11
Column_53=11
Column_4=10
Column_27=10
Column_51=10
Column_52=10
Column_65=10
Column_54=9
Column_56=9
Column_3=8
Column_7=8
Column_14=8
Column_18=8
Column_21=8
Column_31=8
Column_34=8
Column_59=8
Column_25=7
Column_63=7
Column_13=6
Column_17=6
Column_28=6
Column_61=6
Column_33=5
Column_38=5
Column_66=5
Column_20=4
Column_23=4
Column_32=4
Column_39=4
Column_42=4
Column_68=4
Column_5=3
Column_10=3
Column_11=3
Column_12=3
Column_45=3
Column_58=3
Column_70=3
Column_30=2
Column_64=2
Column_67=2
Column_36=1
Column_40=1
Column_41=1
Column_69=1

parameters:
[boosting: gbdt]
[objective: quantile]
[metric: quantile]
[tree_learner: serial]
[device_type: cpu]
[data_sample_strategy: bagging]
[data: ]
[valid: ]
[num_iterations: 1500]
[learning_rate: 0.03]
[num_leaves: 63]
[num_threads: 24]
[seed: 42]
[deterministic: 0]
[force_col_wise: 0]
[force_row_wise: 0]
[histogram_pool_size: -1]
[max_depth: -1]
[min_data_in_leaf: 20]
[min_sum_hessian_in_leaf: 0.001]
[bagging_fraction: 0.8]
[pos_bagging_fraction: 1]
[neg_bagging_fraction: 1]
[bagging_freq: 0]
[bagging_seed: 400]
[bagging_by_query: 0]
[feature_fraction: 0.8]
[feature_fraction_bynode: 1]
[feature_fraction_seed: 30056]
[extra_trees: 0]
[extra_seed: 12879]
[early_stopping_round: 0]
[early_stopping_min_delta: 0]
[first_metric_only: 0]
[max_delta_step: 0]
[lambda_l1: 0.1]
[lambda_l2: 0.1]
[linear_lambda: 0]
[min_gain_to_split: 0]
[drop_rate: 0.1]
[max_drop: 50]
[skip_drop: 0.5]
[xgboost_dart_mode: 0]
[uniform_drop: 0]
[drop_seed: 17869]
[top_rate: 0.2]
[other_rate: 0.1]
[min_data_per_group: 100]
[max_cat_threshold: 32]
[cat_l2: 10]
[cat_smooth: 10]
[max_cat_to_onehot: 4]
[top_k: 20]
[monotone_constraints: ]
[monotone_constraints_method: basic]
[monotone_penalty: 0]
[feature_contri: ]
[forcedsplits_filename: ]
[refit_decay_rate: 0.9]
[cegb_tradeoff: 1]
[cegb_penalty_split: 0]
[cegb_penalty_feature_lazy: ]
[cegb_penalty_feature_coupled: ]
[path_smooth: 0]
[interaction_constraints: ]
[verbosity: -1]
[saved_feature_importance_type: 0]
[use_quantized_grad: 0]
[num_grad_quant_bins: 4]
[quant_train_renew_leaf: 0]
[stochastic_rounding: 1]
[linear_tree: 0]
[max_bin: 255]
[max_bin_by_feature: ]
[min_data_in_bin: 3]
[bin_construct_sample_cnt: 200000]
[data_random_seed: 175]
[is_enable_sparse: 1]
[enable_bundle: 1]
[use_missing: 1]
[zero_as_missing: 0]
[feature_pre_filter: 1]
[pre_partition: 0]
[two_round: 0]
[header: 0]
[label_column: ]
[weight_column: ]
[group_column: ]
[ignore_column: ]
[categorical_feature: ]
[forcedbins_filename: ]
[precise_float_parser: 0]
[parser_config_file: ]
[objective_seed: 16083]
[num_class: 1]
[is_unbalance: 0]
[scale_pos_weight: 1]
[sigmoid: 1]
[boost_from_average: 1]
[reg_sqrt: 0]
[alpha: 0.1]
[fair_c: 1]
[poisson_max_delta_step: 0.7]
[tweedie_variance_power: 1.5]
[lambdarank_truncation_level: 30]
[lambdarank_norm: 1]
[label_gain: ]
[lambdarank_position_bias_regularization: 0]
[eval_at: ]
[multi_error_top_k: 1]
[auc_mu_weights: ]
[num_machines: 1]
[local_listen_port: 12400]
[time_out: 120]
[machine_list_filename: ]
[machines: ]
[gpu_platform_id: -1]
[gpu_device_id: -1]
[gpu_use_dp: 0]
[num_gpu: 1]

end of parameters

pandas_categorical:null
