tree
version=v4
num_class=1
num_tree_per_iteration=1
label_index=0
max_feature_idx=70
objective=quantile
feature_names=Column_0 Column_1 Column_2 Column_3 Column_4 Column_5 Column_6 Column_7 Column_8 Column_9 Column_10 Column_11 Column_12 Column_13 Column_14 Column_15 Column_16 Column_17 Column_18 Column_19 Column_20 Column_21 Column_22 Column_23 Column_24 Column_25 Column_26 Column_27 Column_28 Column_29 Column_30 Column_31 Column_32 Column_33 Column_34 Column_35 Column_36 Column_37 Column_38 Column_39 Column_40 Column_41 Column_42 Column_43 Column_44 Column_45 Column_46 Column_47 Column_48 Column_49 Column_50 Column_51 Column_52 Column_53 Column_54 Column_55 Column_56 Column_57 Column_58 Column_59 Column_60 Column_61 Column_62 Column_63 Column_64 Column_65 Column_66 Column_67 Column_68 Column_69 Column_70
feature_infos=[66131:160560] [-20:34.149999999999999] [25.719044:100] [36.971664299722725:71.559848645091535] [0:23] [0:6] [1:10] [1:31] [0:1] [0:1] [0:0.99270887409805397] [66131:160560] [66131:160560] [66131:160560] [72233.041666666672:137142.20833333334] [2057.6408592873181:22024.617595875727] [-9183:8446] [-20:34.149999999999999] [-20:34.149999999999999] [-20:34.149999999999999] [-16.568749999999998:29.675000000000001] [0.52945401875049547:7.951298487978419] [-5.8000000000000007:5.5499999999999972] [25.719044:100] [25.719044:100] [25.719044:100] [45.313373250000005:95.04641233333335] [0.97911827352794878:23.426507825749582] [-30.049300000000002:30.860949999999995] [36.971664299722725:71.559848645091535] [36.971664299722725:71.559848645091535] [36.971664299722725:71.559848645091535] [45.760024263258238:67.819212344444352] [0.67909628204517791:7.5954539582083802] [-8.6935655667746659:7.6341842441526993] [6201:33428] [6201:33428] [6201:33428] [7216.916666666667:32362.625] [18440:75926] [18440:75926] [18440:75926] [24497.5:64836.833333333336] [25199:33959] [25199:33959] [26474:33959] [25316:33930.166666666664] [43:6933] [43:6933] [43:6933] [83.541666666666671:5366.375] [366:3539] [366:3539] [366:3539] [431.45833333333331:2835.4583333333335] [0:12186] [0:12186] [0:12186] [281.875:5366.791666666667] [85:6739] [85:6739] [85:6739] [718.33333333333337:3117.0833333333335] [29:9938] [29:9938] [29:9938] [157.125:8964.4166666666661] [68553:162721] [68553:162721] [68553:162721] [74746.875:140862.16666666666]
tree_sizes=4899 4795 5042 5499 5024 5437 5223 5476

Tree=0
num_leaves=61
num_cat=0
split_feature=50 23 37 47 23 7 31 62 46 61 54 21 49 46 2 37 40 44 62 6 21 49 48 2 10 50 42 34 62 24 24 29 60 65 2 3 37 3 18 47 3 12 62 45 37 18 50 54 49 1 3 3 0 48 47 55 35 1 2 33
split_gain=149.59 41.2344 24.006 18.4455 26.9461 13.3707 15.0524 10.2835 51.6688 11.3079 9.07167 7.96099 6.32594 5.6219 5.48187 9.38745 17.339 9.0114 4.74153 9.61665 3.86907 3.23365 2.92666 2.87096 1.9145 1.89706 5.75495 1.89103 1.84624 1.48261 1.24625 1.2008 0.938086 0.692857 0.59996 0.57781 0.478523 0.677631 0.421903 0.400325 1.25984 0.379156 0.271274 3.59321 0.261237 0.185008 0.178037 0.161439 0.15872 0.12625 0.124978 0.105922 0.101766 0.0943323 0.649872 0.0711975 0.103889 0.0299013 0.0207539 0.119855
threshold=157.75000000000003 38.149722500000003 11718.500000000002 158.00000000000003 56.708891500000007 16.500000000000004 54.964888829772768 2536.7500000000005 32754.354166666668 2017.5000000000002 902.64583333333337 2.9428012567366628 165.50000000000003 29721.791666666668 56.105232500000007 11453.500000000002 44652.000000000007 31850.000000000004 2276.6666666666674 3.5000000000000004 4.758832122029415 102.50000000000001 165.50000000000003 79.541347000000016 1.0000000180025095e-35 191.06250000000003 38358.520833333336 -0.092129322059587779 2034.2083333333337 55.579698500000006 69.453215000000014 56.285801858437814 1523.5000000000002 8741.5000000000018 53.205295000000007 56.477332155166373 12356.000000000002 51.950826957503779 -2.0249999999999995 171.50000000000003 59.870102863903476 95149.000000000015 2394.6458333333339 32787.500000000007 8336.5000000000018 8.8750000000000018 248.77083333333337 584.64583333333337 85.500000000000014 22.925000000000001 59.084185437109078 59.198375995488462 86171.500000000015 2286.5000000000005 1037.5000000000002 10320.500000000002 12046.500000000002 17.075000000000006 57.747931000000008 2.0294279582233723
decision_type=2 2 2 2 2 2 2 2 2 2 2 2 2 2 2 2 2 2 2 2 2 2 2 2 2 2 2 2 2 2 2 2 2 2 2 2 2 2 2 2 2 2 2 2 2 2 2 2 2 2 2 2 2 2 2 2 2 2 2 2
left_child=5 2 31 4 34 13 -7 14 10 -10 -9 12 35 -1 15 16 21 32 33 -20 50 -5 27 -14 -13 26 -24 28 -16 -26 -21 -2 -18 36 -3 -6 37 -17 -12 40 -27 48 44 45 -41 -44 -31 -46 -15 -11 -4 -29 -8 55 -55 58 -57 -23 59 -49
right_child=1 3 20 7 11 6 52 8 9 49 38 24 23 41 22 18 17 -19 19 30 -22 57 25 -25 29 39 -28 51 -30 46 -32 -33 -34 -35 -36 -37 -38 -39 -40 42 -42 -43 43 -45 47 -47 -48 53 -50 -51 -52 -53 -54 54 -56 56 -58 -59 -60 -61
leaf_value=159.56999999999999 159.68400000169873 159.60000000312925 163.73400000169875 159.65700000084937 159.95700000084938 159.78 165.82200001716615 159.63 160.86000005364417 159.69 161.84999999999999 159.69 159.42000000089408 159.4590000014752 160.47000001743436 163.641000001207 159.59999999999999 162.49800002887844 159.30000000178813 163.53600000232458 159.69 163.32600003227591 162.19500000335276 159.54600000232458 159.68700000084937 162.13200000241397 159.801000001207 162.51600000232457 159.48300000093877 161.97300005860626 159.59700000084936 159.56999999999999 158.56800000295044 161.83800004586578 159.59999999999999 179.21700003482403 162.96000000000001 159.77100000254811 163.60200002253055 163.1220000194013 161.91 159.50999999999999 162.99300006709993 159.69 162.99600001573563 163.57500001229346 169.09200003236532 163.27800000205636 159.44999999999999 159.59999999999999 161.98800007134676 162.62700004331768 163.03200009003282 161.94 163.76700000487267 162.35400006964804 163.50000000447034 163.51800000429154 163.28999999999999 163.5
leaf_weight=23 20 36 39 20 20 36 25 36 21 20 20 34 21 34 27 28 20 20 21 53 20 20 76 27 20 55 28 27 22 20 20 66 34 20 20 20 578 20 505 32 20 20 20 20 23 276 182 24 150 65 20 20 20 20 110 20 26 97 3581 77
leaf_count=23 20 36 39 20 20 36 25 36 21 20 20 34 21 34 27 28 20 20 21 53 20 20 76 27 20 55 28 27 22 20 20 66 34 20 20 20 578 20 505 32 20 20 20 20 23 276 182 24 150 65 20 20 20 20 110 20 26 97 3581 77
internal_value=162 162.001 161.986 162.001 161.995 161.98 161.99 162.002 161.998 161.979 162.002 161.998 161.99 161.976 162.002 162 161.994 161.983 162.002 161.995 161.998 162.001 162.003 161.983 162.001 162.003 161.999 161.997 161.993 162.002 162 161.975 161.976 162.003 161.976 161.999 162.003 162 162.003 162.003 162.001 161.974 162.003 162.002 162.003 162.003 162.003 162.003 161.974 161.974 162.002 162.002 162.002 162.003 162.002 162.003 162.002 162.003 162.003 162.002
internal_weight=6995 6687 165 6522 400 308 81 6122 667 106 561 344 88 227 5455 951 211 74 740 94 79 137 4504 48 256 4408 104 96 49 222 73 86 54 646 56 40 626 48 525 4304 75 204 4229 316 3913 296 202 3881 184 85 59 47 45 3858 130 3728 46 117 3682 101
internal_count=6995 6687 165 6522 400 308 81 6122 667 106 561 344 88 227 5455 951 211 74 740 94 79 137 4504 48 256 4408 104 96 49 222 73 86 54 646 56 40 626 48 525 4304 75 204 4229 316 3913 296 202 3881 184 85 59 47 45 3858 130 3728 46 117 3682 101
is_linear=0
shrinkage=1


Tree=1
num_leaves=55
num_cat=0
split_feature=50 24 37 26 60 62 46 61 20 19 5 37 62 62 62 37 24 15 52 19 33 48 13 27 68 25 37 38 48 48 45 26 31 13 37 51 42 50 1 68 27 66 1 21 11 50 49 46 25 33 48 55 1 1
split_gain=150.282 31.9455 15.2451 13.8882 13.9956 13.9733 42.7512 27.9605 18.5334 14.733 12.4313 11.2213 11.2195 7.66898 7.38738 7.32013 9.81816 7.22493 6.70313 6.28437 4.37846 3.6734 2.62964 2.297 2.18209 1.91042 4.52449 1.90844 15.5998 1.46255 1.69044 0.947387 0.849918 0.799286 0.785593 0.487612 3.48287 0.955717 1.27231 0.332843 0.302564 0.244577 0.175759 0.0616179 0.0472935 0.0467203 0.147338 0.0389627 0.0372278 0.0324944 0.0254547 0.0338202 0.0245299 0.0232062
threshold=157.75000000000003 35.613921000000005 12607.500000000002 56.813851375000006 1412.5000000000002 2365.5208333333335 32851.020833333343 2017.5000000000002 6.965625000000002 9.4750000000000014 1.5000000000000002 12226.000000000002 2195.854166666667 2521.9166666666674 2103.6250000000005 7989.5000000000009 66.732063000000011 10404.679111427195 474.50000000000006 15.425000000000002 2.9441287252348602 86.500000000000014 91489.500000000015 20.371805775721754 101624.00000000001 67.745650000000012 9180.0000000000018 9345.5833333333358 684.50000000000011 165.50000000000003 32513.500000000004 75.446332979166684 54.641001373358286 101735.50000000001 11204.500000000002 663.50000000000011 48755.916666666679 191.06250000000003 1.6250000000000002 97109.500000000015 13.839742415220607 8445.3125000000018 21.575000000000006 4.1332786374701707 95224.500000000015 218.18750000000003 2093.5000000000005 32754.354166666668 54.362577000000009 2.0607731632186406 252.50000000000003 7537.5000000000009 8.3250000000000011 20.975000000000005
decision_type=2 2 2 2 2 2 2 2 2 2 2 2 2 2 2 2 2 2 2 2 2 2 2 2 2 2 2 2 2 2 2 2 2 2 2 2 2 2 2 2 2 2 2 2 2 2 2 2 2 2 2 2 2 2
left_child=10 2 20 4 25 15 8 17 9 22 12 19 -1 43 40 16 -5 -8 -17 -6 -2 -10 -7 27 53 26 -3 28 42 30 32 -12 -29 -9 -28 36 37 38 -31 49 -13 45 -20 -14 -21 46 50 -23 -39 -27 51 -37 -34 -19
right_child=1 3 -4 5 11 6 7 33 21 -11 31 14 13 -15 -16 18 -18 24 23 44 -22 47 -24 -25 -26 39 34 29 -30 35 -32 -33 52 -35 -36 41 -38 48 -40 -41 -42 -43 -44 -45 -46 -47 -48 -49 -50 -51 -52 -53 -54 -55
leaf_value=3.2486700322481985 -2.3570999999999995 -2.5502699932099877 1.7412000013411042 -2.387040000088513 -1.9979999983057382 -2.4755999991774562 -2.4126000000268224 -2.2406999999999999 -2.2379999964237212 -2.3588999999463556 -2.4434999999999998 1.5012900146104398 -2.4614999984800812 -2.3390999983906742 -2.5590000000536439 -2.4613410000140368 8.8401541948332483 6.507240001264214 1.5850680050511361 -3.347040000088513 -2.1770999973177907 1.5427499996311962 0.43194000468850163 -2.2976160000573995 -2.2930079953531619 1.4283000008493665 -2.2679999999999998 -1.7209409925418495 -2.234903999040037 0.035969999963789974 -0.94799999910593014 -2.5634999999999994 0.27919200106966496 -2.3279999999999998 0.47520000527501083 0.22372200626421004 -0.087299999999999892 0.84823800577041497 -1.0367429988547865 -0.77069993348121624 -1.5866909983063637 0.27066001714244486 1.3643701066888865 -2.3054999966025349 -2.3270999999999997 1.3741440259913205 0.045300001698732613 1.3299750089474023 0.57930001680851007 2.0313000000000003 0.15068400013884886 0.18119999999999975 0.16589999947696923 20.249175427455157
leaf_weight=30 60 34 31 20 21 20 21 20 21 41 163 50 35 37 39 20 34 51 163 20 21 893 41 25 29 20 37 20 22 24 21 23 57 76 60 168 20 20 20 21 20 35 20 20 31 3687 20 20 377 136 20 20 20 20
leaf_count=30 60 34 31 20 21 20 21 20 21 41 163 50 35 37 39 20 34 51 163 20 21 893 41 25 29 20 37 20 22 24 21 23 57 76 60 168 20 20 20 21 20 35 20 20 31 3687 20 20 377 136 20 20 20 20
internal_value=2.74479e-05 0.000971722 -0.0149063 0.00124287 -0.00361889 0.00163405 -0.00118745 -0.0132934 0.0013464 -0.0107835 -0.0204576 -0.0102374 -0.0129484 -0.0181433 -0.00412466 0.00236618 -0.00859519 -0.00366639 0.00249085 -0.0194313 -0.0217509 0.0026753 -0.0013748 0.00256435 -0.00026973 0.000262902 -0.0024714 0.00261275 -0.000204778 0.00274094 -0.000533446 -0.0253573 0.00111226 -0.0253798 0.000803296 0.00282923 0.00188679 0.00244842 -0.00170068 0.00230378 0.00166904 0.00293841 0.00265429 -0.0252632 -0.0251272 0.00296084 0.00245945 0.00296353 0.00291614 0.00278668 0.00269582 0.00282297 0.00256809 0.00253165
internal_weight=6995 6687 112 6575 489 6086 1253 217 1036 102 308 181 122 92 109 4833 54 121 4779 72 81 934 61 4759 100 308 131 4734 205 4529 118 186 97 96 97 4411 461 441 44 177 70 3950 183 55 51 3915 228 913 397 156 208 188 77 71
internal_count=6995 6687 112 6575 489 6086 1253 217 1036 102 308 181 122 92 109 4833 54 121 4779 72 81 934 61 4759 100 308 131 4734 205 4529 118 186 97 96 97 4411 461 441 44 177 70 3950 183 55 51 3915 228 913 397 156 208 188 77 71
is_linear=0
shrinkage=0.03


Tree=2
num_leaves=58
num_cat=0
split_feature=54 47 23 4 37 59 23 37 45 58 62 46 58 44 61 62 21 21 48 47 21 62 46 4 37 67 61 26 64 20 18 31 47 62 54 62 46 49 43 42 54 12 61 1 54 13 63 48 43 53 2 19 54 37 0 2 0
split_gain=125.025 42.2979 39.6269 35.4369 13.34 12.7972 11.3711 15.2614 20.3557 10.4862 9.96661 20.047 9.8751 9.83038 7.3619 6.51431 5.34232 5.43112 3.63906 4.92438 2.93994 2.4126 15.9073 2.40607 2.02791 5.83895 1.93487 1.6308 1.46452 1.1355 1.10644 1.08378 0.843381 2.99999 0.851072 0.6518 11.7463 1.68665 0.58899 0.425581 0.369738 0.367188 0.326277 0.318226 0.173688 0.156138 0.148798 0.697407 1.70764 0.231272 0.0395159 0.132908 0.0353378 0.0383349 0.0330934 0.0270885 0.0145858
threshold=557.16666666666686 158.00000000000003 33.862966500000006 15.500000000000002 12109.500000000002 1337.5000000000002 56.387605000000008 10903.500000000002 30224.500000000004 1297.7291666666667 2294.479166666667 32873.708333333343 3257.479166666667 31884.000000000004 346.50000000000006 2974.2708333333335 4.5683741931869104 2.8621324634268261 165.50000000000003 807.50000000000011 2.7809767003869141 2664.1666666666674 32834.916666666672 6.5000000000000009 12356.000000000002 98862.500000000015 1546.5000000000002 52.36348114583334 2976.0000000000005 4.3229166666666679 12.375000000000002 54.166940803832304 178.50000000000003 2154.0000000000005 656.83333333333337 2377.6458333333339 32862.250000000007 176.50000000000003 30248.000000000004 33043.354166666679 639.22916666666686 90254.500000000015 1273.5000000000002 15.625000000000002 584.64583333333337 91653.000000000015 5235.5000000000009 910.50000000000011 32500.500000000004 1972.5000000000002 60.429210500000003 9.6750000000000025 688.52083333333337 12703.500000000002 75399.000000000015 52.600697000000004 83678.500000000015
decision_type=2 2 2 2 2 2 2 2 2 2 2 2 2 2 2 2 2 2 2 2 2 2 2 2 2 2 2 2 2 2 2 2 2 2 2 2 2 2 2 2 2 2 2 2 2 2 2 2 2 2 2 2 2 2 2 2 2
left_child=9 3 4 5 -3 23 7 8 55 -1 24 12 -12 14 -10 18 17 20 19 29 28 32 30 -2 25 43 56 -16 -7 -8 -23 -5 33 34 -20 44 37 -37 -25 -11 -26 -14 -31 -9 -34 54 -46 49 -49 50 51 -48 -42 -54 -40 -4 -19
right_child=1 2 6 31 -6 16 15 10 13 39 11 -13 41 -15 27 -17 -18 26 21 -21 -22 22 -24 38 40 -27 -28 -29 -30 42 -32 -33 35 -35 -36 36 -38 -39 45 -41 52 -43 -44 -45 46 -47 47 48 -50 -51 -52 -53 53 -55 -56 -57 -58
leaf_value=-1.8658349899095292 -2.2364999986356495 -2.2863869973982571 1.5349669153579373 -2.3409275999777641 0.84025920715708968 -2.1640019933634096 -1.3903634045833908 -1.3917295608549425 -1.7433205922443666 -2.4956219974486822 -2.5302299980850811 -2.2871087998767252 -1.1566666647779726 1.3851607506533641 -2.2436234987828358 -2.1572399986168738 -2.3469270000482791 1.6554529507222564 -0.65892769361968473 -2.2657934986997765 -2.3396550000455969 -2.1471329974535109 -2.2014299985869226 -2.2924390916601083 0.002484240469482586 -2.176316999227077 -2.2797090000257483 -2.9151984132672926 -2.3357339980942902 -0.67796212534729228 1.5796575372437021 -2.2843799997492136 0.84467287300115601 -2.0628089983374776 0.16007568013847037 -2.2881330000016096 -2.1759632992965594 1.4964674996422607 6.6039339563660526 -2.3699249998980751 1.4095575373618434 1.3504395045152979 0.56312987960105843 1.5199327456572056 1.3600756792202608 0.097696549863046586 0.56025931825668729 -1.2082591067192257 1.205782680178614 0.095767403715749044 0.60515194077827938 1.0534069100618699 1.3669756800696264 1.2799756792202603 7.7063511640210152 1.6393807358533248 15.285988140552025
leaf_weight=20 29 61 72 64 23 26 23 20 20 20 23 35 20 21 26 35 36 20 24 20 21 20 30 20 22 20 20 62 22 30 213 38 21 20 131 27 20 509 20 156 20 112 54 59 3098 20 46 24 48 34 583 20 20 601 149 20 27
leaf_count=20 29 61 72 64 23 26 23 20 20 20 23 35 20 21 26 35 36 20 24 20 21 20 30 20 22 20 20 62 22 30 213 38 21 20 131 27 20 509 20 156 20 112 54 59 3098 20 46 24 48 34 583 20 20 601 149 20 27
internal_value=1.0293e-05 0.000691856 0.00136756 -0.00759813 -0.0190844 -0.00365033 0.00164531 -0.0010127 -0.00811398 -0.0236053 0.000633337 -0.00550763 -0.000851064 -0.0158017 -0.0194542 0.00226576 -0.00988379 -0.00711976 0.00235671 -0.00264359 -0.0130246 0.00248783 -0.000296465 0.000844183 0.00216901 -0.00181635 -0.000983606 -0.0231896 -0.00879418 -5.60223e-05 0.00234234 -0.0234182 0.0026475 0.000582524 0.00201161 0.00272838 0.00175328 0.00260213 0.00197991 -0.0259455 0.00276881 0.00229372 0.00153389 0.00182048 0.0028675 0.00250661 0.00288235 0.00247914 -0.000291262 0.00277558 0.00290248 0.00204236 0.00290126 0.00294639 0.00280308 0.00263844 0.00229299
internal_weight=6995 6799 6287 512 84 410 6203 1173 221 196 952 190 155 129 108 5030 172 136 4995 127 69 4868 263 238 762 99 67 88 48 107 233 102 4605 175 155 4430 556 536 209 176 663 132 84 79 3874 189 3853 755 72 683 649 66 641 621 169 92 47
internal_count=6995 6799 6287 512 84 410 6203 1173 221 196 952 190 155 129 108 5030 172 136 4995 127 69 4868 263 238 762 99 67 88 48 107 233 102 4605 175 155 4430 556 536 209 176 663 132 84 79 3874 189 3853 755 72 683 649 66 641 621 169 92 47
is_linear=0
shrinkage=0.03


Tree=3
num_leaves=63
num_cat=0
split_feature=50 23 37 47 23 5 43 62 46 61 54 62 4 26 48 37 26 48 18 59 4 16 49 37 2 26 18 39 26 23 5 47 15 62 62 44 13 2 37 12 18 1 13 27 55 30 50 3 66 27 15 26 13 26 4 22 18 12 37 48 57 34
split_gain=149.465 41.1844 24.006 18.8362 26.7363 12.4313 11.2195 9.48234 50.8752 10.9858 9.20609 7.66898 7.52944 5.79628 7.00516 6.59059 4.51233 4.26241 4.82086 3.62174 2.3672 1.85643 1.45323 1.4482 2.24358 1.29629 1.29452 1.2008 0.947387 0.864022 1.82098 0.807058 0.740915 1.45568 0.661162 13.1944 0.608121 0.59996 0.479115 3.32592 0.413097 0.406693 0.394974 0.315062 0.283629 2.72636 0.29795 0.851386 0.396178 0.186295 0.181342 0.221479 0.179833 0.132719 0.274143 0.0616179 0.037976 0.0319038 0.0306651 0.380346 0.0194465 0.0148399
threshold=157.75000000000003 38.149722500000003 11718.500000000002 158.00000000000003 56.708891500000007 1.5000000000000002 29437.000000000004 2536.7500000000005 32754.354166666668 2017.5000000000002 902.64583333333337 2521.9166666666674 15.500000000000002 56.813851375000006 639.50000000000011 12017.500000000002 51.623631229166676 165.50000000000003 14.925000000000002 1728.5000000000002 6.5000000000000009 -2153.4999999999995 82.500000000000014 8336.5000000000018 67.988417000000013 54.634728729166675 3.0250000000000004 45384.500000000007 75.446332979166684 50.579668000000005 3.5000000000000004 563.50000000000011 3268.7819778240596 1659.416666666667 2377.6458333333339 32817.500000000007 93118.000000000015 53.205295000000007 9409.0000000000018 94805.000000000015 8.4250000000000025 22.925000000000001 72329.500000000015 9.8297455269765539 1.0000000180025095e-35 65.648235164429735 191.06250000000003 57.018374547921439 8303.6666666666679 19.899858776705774 3675.1405092038353 66.649984562500023 111507.50000000001 57.800545916666671 5.5000000000000009 -0.42500000000000066 -2.0249999999999995 98130.000000000015 10320.500000000002 670.50000000000011 11528.000000000002 -3.6978180374300105
decision_type=2 2 2 2 2 2 2 2 2 2 2 2 2 2 2 2 2 2 2 2 2 2 2 2 2 2 2 2 2 2 2 2 2 2 2 2 2 2 2 2 2 2 2 2 2 2 2 2 2 2 2 2 2 2 2 2 2 2 2 2 2 2
left_child=5 2 27 4 37 6 -1 13 10 -10 -9 55 19 14 29 -16 -4 18 21 20 -6 -15 -19 24 -24 -17 -22 -2 -7 30 -5 57 33 -25 38 40 42 -3 39 -34 -36 -11 -28 -23 45 52 47 -46 49 50 51 -48 -40 54 -52 -8 -12 -31 59 -55 61 -60
right_child=1 3 16 7 12 28 11 8 9 41 56 -13 -14 17 15 25 -18 22 -20 -21 26 43 23 32 -26 -27 36 -29 -30 31 -32 -33 34 -35 35 -37 -38 -39 44 -41 -42 -43 -44 -45 46 -47 48 -49 -50 -51 53 -53 -54 58 -56 -57 -58 -59 60 -61 -62 -63
leaf_value=3.1416029263523404 -2.1107831437354618 -2.1896285969721574 -2.1500362997371161 -2.2181200145988638 -2.1827602681485048 -2.3283430671074608 -2.3057692493824837 -2.1637190100780037 -0.96839644412730563 -2.1062721300049669 0.0071768999441621873 -2.1985191884375053 -2.2699941720266845 -1.0586590928016175 -3.1415317661121964 -2.4663231001094821 1.4592195556510028 -2.1114870476290717 -2.3270740192551047 -2.1044600339754855 -2.2146379783072088 -1.0280202569076302 -2.2279728476878389 1.1334635789216725 1.4520972544612847 1.2579214665034109 -2.8158381169500371 -2.2184368424330243 -2.4117263400765387 1.4351227314415715 0.51326293444629911 -1.1480668347967606 1.3537860694354658 -0.036895280963959692 -1.1512999775832209 -2.1922029352515882 -1.709739902886922 -2.1652790165536033 0.32311872911913697 -2.0319671021489132 1.4515734746529931 -2.1925785570313874 6.8731239433062772 0.31341565316463843 0.13263606988952123 -0.025450378973423313 1.1572734109000129 -1.0261598784126098 -1.6170119772175422 1.4142806201903935 -0.73979335059300744 -0.026575502853420207 0.039331656018263224 1.4092734088436525 1.4273002931916128 -2.2694653500442286 1.4735319347911724 0.053241730314507831 1.2221606426784637 -1.9415369251711949 1.1392734088436527 1.2519211209969123
leaf_weight=30 20 36 25 27 32 163 20 36 21 20 20 37 24 21 37 20 54 37 22 35 20 20 20 33 27 25 20 66 23 125 28 24 109 20 20 20 20 20 200 20 335 65 193 57 51 20 24 20 21 20 20 20 20 141 38 35 505 20 33 20 29 3711
leaf_count=30 20 36 25 27 32 163 20 36 21 20 20 37 24 21 37 20 54 37 22 35 20 20 20 33 27 25 20 66 23 125 28 24 109 20 20 20 20 20 200 20 335 65 193 57 51 20 24 20 21 20 20 20 20 141 38 35 505 20 33 20 29 3711
internal_value=-2.74477e-05 0.000913401 -0.0138825 0.00128839 -0.00501625 -0.0204576 -0.0129484 0.00170089 -0.00167291 -0.0207257 0.00192479 -0.0181433 -0.00187445 0.00211399 -0.00189154 -0.00939099 -0.00189633 0.00235264 -0.00322231 -0.000646673 0.000462996 -0.000336391 0.00248633 0.0025306 -0.00267516 -0.00159645 0.00144607 -0.0248432 -0.0253573 0.000843374 -0.00239564 0.00191603 0.00258074 -0.000903955 0.00261912 0.00139163 0.00208494 -0.0242246 0.00272033 0.000883036 0.00273726 -0.0255229 0.00256218 0.00178988 0.00277364 0.00173678 0.00283286 0.000843882 0.00286674 0.00288824 0.00290255 0.000884354 0.0027124 0.00292402 0.00139415 -0.0252632 0.00293658 0.0027705 0.00294578 0.00242086 0.00296732 0.00297508
internal_weight=6995 6687 165 6522 400 308 122 6122 667 106 561 92 344 5455 306 82 79 5149 120 320 285 98 5029 4992 47 45 253 86 186 224 55 169 4945 53 4892 375 233 56 4517 129 355 85 213 77 4388 240 4148 71 4077 4056 4036 44 220 3992 58 55 525 145 3934 161 3773 3744
internal_count=6995 6687 165 6522 400 308 122 6122 667 106 561 92 344 5455 306 82 79 5149 120 320 285 98 5029 4992 47 45 253 86 186 224 55 169 4945 53 4892 375 233 56 4517 129 355 85 213 77 4388 240 4148 71 4077 4056 4036 44 220 3992 58 55 525 145 3934 161 3773 3744
is_linear=0
shrinkage=0.03


Tree=4
num_leaves=58
num_cat=0
split_feature=50 23 37 47 23 5 43 62 46 60 54 21 62 2 26 40 43 26 38 52 50 59 68 4 54 6 2 46 52 62 25 62 50 63 63 55 28 29 26 2 23 1 15 26 13 19 25 13 58 47 2 62 1 21 28 18 0
split_gain=149.277 41.1094 24.006 18.7538 26.7363 12.4313 11.2195 9.39991 50.8752 9.63304 9.20609 7.78427 7.66898 5.87619 5.47033 7.43258 10.7581 4.51233 4.21772 2.93669 2.9357 2.27959 2.22866 1.62181 1.56917 5.76587 7.69204 10.0614 2.73474 1.60276 3.82195 3.5749 3.06753 3.62531 1.51223 2.4872 1.39061 1.2008 0.947387 0.59996 0.580059 0.57781 0.46559 0.677631 0.401745 0.368682 0.358753 0.811317 0.332442 0.171199 0.159691 0.0721047 0.101766 0.0616179 0.0382946 0.037976 0.0337507
threshold=157.75000000000003 38.149722500000003 11718.500000000002 158.00000000000003 56.708891500000007 1.5000000000000002 29437.000000000004 2536.7500000000005 32754.354166666668 2093.0000000000005 902.64583333333337 2.9428012567366628 2521.9166666666674 79.541347000000016 56.813851375000006 44652.000000000007 32526.500000000004 51.623631229166676 11452.083333333334 494.50000000000006 431.02083333333343 1370.5000000000002 100646.00000000001 6.5000000000000009 1484.7708333333337 8.5000000000000018 63.936090500000013 31807.187500000004 2080.5000000000005 2024.979166666667 48.915455000000001 2312.5625000000005 191.06250000000003 6293.0000000000009 5235.5000000000009 4.5000000000000009 -4.3824174999999981 56.285801858437814 75.446332979166684 53.205295000000007 50.579668000000005 10.125000000000002 3878.582588966387 70.946293125000025 103858.00000000001 12.875000000000002 94.934345000000022 89653.500000000015 1695.291666666667 563.50000000000011 61.187628000000011 2470.2916666666674 18.525000000000002 4.1332786374701707 -11.670561999999999 -2.0249999999999995 75205.500000000015
decision_type=2 2 2 2 2 2 2 2 2 2 2 2 2 2 2 2 2 2 2 2 2 2 2 2 2 2 2 2 2 2 2 2 2 2 2 2 2 2 2 2 2 2 2 2 2 2 2 2 2 2 2 2 2 2 2 2 2
left_child=5 2 37 4 39 6 -1 14 10 -10 -9 13 53 -6 15 40 18 -4 -17 -16 -20 -15 23 -13 25 28 27 -27 29 46 31 41 33 -32 42 -36 -37 -2 -7 -3 45 -31 43 -34 -11 -5 54 -48 -38 -42 -25 -44 -53 -8 -21 -12 -52
right_child=1 3 17 7 11 38 12 8 9 44 55 22 -14 21 19 16 -18 -19 20 24 -22 -23 -24 50 -26 26 -28 -29 -30 30 32 -33 34 -35 35 36 48 -39 -40 -41 49 -43 51 -45 -46 -47 47 -49 -50 -51 56 52 -54 -55 -56 -57 -58
leaf_value=3.0473548385617706 -2.0474596494233981 -2.1239397390629922 -2.0855352107450029 0.35314684143175296 -2.258479811060083 -2.2584927750942367 -2.2481677867376173 -2.0988074397756633 -2.0487999180121541 -2.0527954145390548 0.0069615929458370822 -1.3978680768369336 -2.1325636127843803 10.142529085777776 -2.2466061255970073 -3.064926894704473 1.6329242074609966 1.4154429689814727 -2.0769462686088325 0.18808647825781899 -2.392333407106197 -2.1658786774878136 -2.0442773889253041 3.091158206113215 1.4317157752137453 -2.1744296618595205 1.7977157802205355 1.6866498998293193 -1.9881721113389719 -1.2898834620523261 -1.9484621752307458 -2.156542382720561 1.3131724873524016 0.032082006445704588 -0.040608765099754647 -0.6674184260536058 0.092363497022957403 -2.1518837371600337 -2.3393745498742424 -2.1003206460569954 1.3076098786166275 1.2580187769124775 1.2455610954892296 -0.73723131061320624 -2.0968862301630455 -1.8833230538290369 -0.056345075477357891 1.1097990151932908 0.34870197441819661 1.5936055146158032 6.2286890973271749 2.1220262725591703 0.89849603537309408 -2.0993540896156886 0.66235723856476936 1.4293259767474373 5.8896385531473694
leaf_weight=30 20 36 25 20 33 163 35 36 23 20 20 30 37 26 24 25 47 54 20 20 20 29 20 20 2152 33 57 22 20 20 22 20 28 27 34 25 37 66 23 20 134 20 746 20 63 20 20 44 134 20 20 25 20 20 1579 505 166
leaf_count=30 20 36 25 20 33 163 35 36 23 20 20 30 37 26 24 25 47 54 20 20 20 29 20 20 2152 33 57 22 20 20 22 20 28 27 34 25 37 66 23 20 134 20 746 20 63 20 20 44 134 20 20 25 20 20 1579 505 166
internal_value=-4.03138e-05 0.000899942 -0.0138825 0.00127459 -0.00501625 -0.0204576 -0.0129484 0.00168619 -0.00167291 -0.0207257 0.00192479 -0.00187445 -0.0181433 -0.00956867 0.00209749 -0.00179353 -0.00794826 -0.00189633 -0.0158525 0.00232934 -0.00965087 -0.00348457 0.000761421 0.00158831 0.00237888 0.0019293 -0.00473684 -0.0127405 0.00219146 0.00227025 0.00141839 -0.0059401 0.00181647 -0.00549898 0.00215508 0 0.00130036 -0.0248432 -0.0253573 -0.0242246 0.00174652 -0.000673317 0.0027458 -6.23699e-05 -0.0254874 -0.00142145 0.00287175 0.000608424 0.00227937 0.00258923 0.00254731 0.00291998 0.00159645 -0.0252632 0.00296042 0.00293658 0.00282106
internal_weight=6995 6687 165 6522 400 308 122 6122 667 106 561 344 92 88 5455 306 112 79 65 5149 40 55 256 236 5125 2973 112 55 2861 2841 1178 60 1118 49 1069 230 196 86 186 56 194 40 839 48 83 40 1663 64 171 154 206 791 45 55 1599 525 186
internal_count=6995 6687 165 6522 400 308 122 6122 667 106 561 344 92 88 5455 306 112 79 65 5149 40 55 256 236 5125 2973 112 55 2861 2841 1178 60 1118 49 1069 230 196 86 186 56 194 40 839 48 83 40 1663 64 171 154 206 791 45 55 1599 525 186
is_linear=0
shrinkage=0.03


Tree=5
num_leaves=63
num_cat=0
split_feature=47 15 23 4 57 37 23 37 45 5 46 44 27 60 46 17 13 38 59 46 49 7 25 1 15 52 25 57 25 25 59 45 3 20 67 43 20 23 66 56 20 55 7 4 47 7 24 1 15 14 47 18 56 25 37 27 17 14 51 68 27 28
split_gain=115.512 42.6544 39.0088 21.2119 13.8378 13.34 11.6441 15.4649 19.8958 11.4242 10.8976 9.90596 7.20041 6.65625 6.29369 23.1605 5.32676 4.07001 3.89402 19.9232 3.46536 4.89811 3.3474 3.19368 2.25061 2.2368 3.20225 1.6717 3.76231 1.64997 1.4713 1.93275 4.82224 17.4399 2.54596 1.84078 1.48052 1.53214 1.26914 2.0553 2.10629 1.07507 3.38545 1.04951 0.446628 0.867455 0.440075 0.39476 0.393455 0.381071 0.34032 1.014 0.25629 0.22153 0.219557 0.197062 0.151828 0.119544 0.116127 0.074195 0.0368529 0.0351143
threshold=158.00000000000003 6427.1700963733147 33.862966500000006 15.500000000000002 23.500000000000004 12109.500000000002 56.387605000000008 10903.500000000002 30224.500000000004 4.5000000000000009 33060.125000000007 31884.000000000004 13.091906394380436 480.50000000000006 32873.708333333343 21.475000000000005 95149.000000000015 12759.625000000002 5271.0000000000009 32789.854166666672 145.50000000000003 22.500000000000004 92.326580000000021 22.925000000000001 5300.7427717411601 528.50000000000011 71.59551500000002 30.500000000000004 58.298707000000007 55.888385000000007 1117.5000000000002 29995.500000000004 59.307279911520588 22.351041666666671 101002.50000000001 32484.500000000004 3.7208333333333341 71.287455000000008 4083.8125000000005 6004.0000000000009 4.7468750000000011 5.5000000000000009 13.500000000000002 6.5000000000000009 207.50000000000003 12.500000000000002 74.350305000000006 12.475000000000001 3476.4707555502687 103214.02083333334 175.50000000000003 -1.6749999999999996 1.5000000000000002 36.68636200000001 8731.0000000000018 15.526498704642714 21.575000000000006 89380.687500000015 663.50000000000011 85364.500000000015 19.728164547009921 -6.8332139999999937
decision_type=2 2 2 2 2 2 2 2 2 2 2 2 2 2 2 2 2 2 2 2 2 2 2 2 2 2 2 2 2 2 2 2 2 2 2 2 2 2 2 2 2 2 2 2 2 2 2 2 2 2 2 2 2 2 2 2 2 2 2 2 2 2
left_child=1 4 5 10 9 -2 7 8 56 24 16 13 46 -10 20 -16 43 -14 25 -20 21 -9 27 -21 -1 26 -8 28 -22 -15 50 36 33 35 -34 38 37 -32 -33 40 -40 42 -36 -3 45 -29 59 -45 -38 -37 51 -27 -43 -46 -52 -5 -4 -30 -54 -6 -56 -55
right_child=2 3 6 55 12 -7 18 14 11 -11 -12 -13 17 29 15 -17 -18 -19 19 23 22 -23 -24 -25 -26 30 -28 44 57 -31 31 32 34 -35 41 49 48 -39 39 -41 -42 52 -44 47 53 -47 -48 -49 -50 -51 54 -53 58 61 60 -57 -58 -59 -60 -61 -62 -63
leaf_value=2.1574188372343013 -2.0866857700885175 -1.586242807797497 1.4085288017583826 -2.1641157750673887 -2.1017621747812636 0.72881155520340291 -2.1700396149812464 -2.196244607646495 -2.0758839911941247 -1.9316047640566083 -2.1339363559407727 1.3597038903488701 -2.2627516977518942 -2.1178628545493638 1.1181480646729178 -2.089540867401587 -1.9806256069778798 -1.0107798575546862 1.4850747971569906 -1.8359918776515847 -2.010004985893127 1.5258121330417982 -2.3205634048930111 -1.9742267910604865 -2.2130942893525272 -0.50192120048653721 1.3252184668226741 -1.7757543875642696 1.3161480595767208 -2.9670987269000033 -1.8575042715493009 0.27145739157387855 -2.0469972134091612 -2.0673906694576476 0.5946154487813905 0.74293076523595214 -0.024929379524334366 1.1965283236617339 -0.82667695279636233 -2.1403537381810271 0.18325731830426595 0.30634487286172618 -0.89254845833666696 -2.2431435122868937 1.2351073075354337 0.07870428265725013 -2.2769865937261908 7.9801927121057936 1.2436777369997225 -0.010657390817620661 1.3332007885139949 0.082681182772263828 0.46603293352313585 0.15906730535479766 1.1535512281060762 -2.034937568793286 1.3079110747307068 0.003752746006828431 1.3631816556214111 -2.1315461746863131 2.1638935187696675 1.371067301957333
leaf_weight=38 61 34 72 22 22 23 20 20 26 22 24 21 34 60 75 34 21 36 162 20 20 21 20 25 22 25 24 24 35 23 20 29 39 34 64 136 22 20 35 21 39 31 25 20 35 38 25 192 1086 33 39 69 30 20 2236 20 20 20 748 149 21 593
leaf_count=38 61 34 72 22 22 23 20 20 26 22 24 21 34 60 75 34 21 36 162 20 20 21 20 25 22 25 24 24 35 23 20 29 39 34 64 136 22 20 35 21 39 31 25 20 35 38 25 192 1086 33 39 69 30 20 2236 20 20 20 748 149 21 593
internal_value=-5.74687e-05 -0.0117956 0.00120825 -0.00410687 -0.0191411 -0.0190844 0.00148264 -0.00120296 -0.00833408 -0.00829476 -0.00121608 -0.0158878 -0.022469 -0.0195234 0.000452309 -0.00632447 0.000516661 -0.0140799 0.0021088 -0.00191212 0.00132963 -0.00715328 0.00176624 -0.0195565 -0.00144759 0.00228122 -0.00442177 0.00207872 -0.00215712 -0.0236823 0.00234335 0.00181709 0.00100388 -0.00212779 0.0021001 0.000225179 0.00270969 -0.00291771 -0.00253828 -0.00422713 -0.00182186 0.00242846 -0.000673401 0.00176757 0.00253063 4.83093e-05 -0.0254411 0.00256011 0.0029158 0.00227085 0.0028731 0.00105207 0.00277345 0.00276346 0.0029463 -0.0240143 0.0023127 0.00185118 0.00288009 -0.02609 0.00298525 0.00289675
internal_weight=6995 681 6314 333 348 84 6230 1177 222 82 291 130 266 109 955 109 267 70 5053 207 846 41 805 45 60 4846 44 785 75 83 4802 2412 1264 327 937 293 1148 40 124 95 74 898 89 246 710 62 196 212 1108 169 2390 94 809 648 2296 42 92 55 778 171 2257 613
internal_count=6995 681 6314 333 348 84 6230 1177 222 82 291 130 266 109 955 109 267 70 5053 207 846 41 805 45 60 4846 44 785 75 83 4802 2412 1264 327 937 293 1148 40 124 95 74 898 89 246 710 62 196 212 1108 169 2390 94 809 648 2296 42 92 55 778 171 2257 613
is_linear=0
shrinkage=0.03


Tree=6
num_leaves=60
num_cat=0
split_feature=50 23 37 47 23 7 26 62 46 60 54 4 26 40 46 46 26 38 48 19 21 24 50 4 63 38 47 12 62 46 6 29 16 0 48 2 13 25 65 12 54 64 64 50 27 47 66 50 21 0 55 12 48 50 18 17 0 0 25
split_gain=148.481 41.3345 24.006 18.5545 26.9461 13.1223 14.3834 9.62054 50.8752 9.63304 9.20609 7.61151 6.45973 7.37101 10.0451 5.51604 4.51233 4.21772 3.95019 5.05918 3.9139 3.28843 2.9357 2.34542 2.09631 1.45578 15.1555 1.32715 1.24563 14.4314 2.2414 1.2008 1.09764 1.04669 0.677389 0.59996 0.401745 0.383937 0.347477 0.344952 0.269631 1.39477 0.234528 0.484095 0.182153 0.158989 0.630976 0.373096 0.149962 0.128188 0.0624364 0.346631 0.0429303 0.13188 0.037976 0.0369219 0.033955 0.0145858 0.004286
threshold=157.75000000000003 38.149722500000003 11718.500000000002 158.00000000000003 56.708891500000007 16.500000000000004 65.218555333333356 2536.7500000000005 32754.354166666668 2093.0000000000005 902.64583333333337 15.500000000000002 56.813851375000006 44652.000000000007 32304.312500000004 29721.791666666668 51.623631229166676 11452.083333333334 165.50000000000003 8.4750000000000014 2.9428012567366628 85.285190000000014 431.02083333333343 6.5000000000000009 3983.5000000000005 9677.7916666666697 712.50000000000011 94805.000000000015 2365.5208333333335 32873.708333333343 4.5000000000000009 56.285801858437814 -1743.9999999999998 90633.500000000015 578.50000000000011 53.205295000000007 103858.00000000001 55.888385000000007 5107.5000000000009 95149.000000000015 634.14583333333337 6943.0000000000009 8917.0000000000018 319.45833333333343 19.899858776705774 203.50000000000003 1870.7708333333337 778.06250000000011 1.1089842150028508 77495.500000000015 1.0000000180025095e-35 115512.00000000001 182.50000000000003 311.62500000000006 -2.0249999999999995 16.375000000000004 75205.500000000015 105787.50000000001 33.68217400000001
decision_type=2 2 2 2 2 2 2 2 2 2 2 2 2 2 2 2 2 2 2 2 2 2 2 2 2 2 2 2 2 2 2 2 2 2 2 2 2 2 2 2 2 2 2 2 2 2 2 2 2 2 2 2 2 2 2 2 2 2 2
left_child=5 2 31 4 35 15 -7 12 10 -10 -9 20 13 27 17 -1 -4 -15 19 32 21 24 -19 -22 -6 26 34 37 40 30 -30 -2 -14 -8 -20 -3 -11 -5 56 49 41 -27 44 -44 45 46 -42 48 -48 -17 51 -47 53 -52 -12 -50 -25 -16 -54
right_child=1 3 16 7 11 6 33 8 9 36 54 -13 18 14 57 39 -18 22 25 -21 23 -23 -24 38 -26 28 -28 -29 29 -31 -32 -33 -34 -35 -36 -37 -38 -39 -40 -41 42 -43 43 -45 -46 50 47 -49 55 -51 52 -53 58 -55 -56 -57 -58 -59 -60
leaf_value=-2.0226403207695851 -1.9247389570900633 -1.9968432928900823 -1.9604812635779807 -0.92004457766501035 -2.2056177019256014 -1.8092092314911785 3.7154636556936356 -1.9744333001801186 -1.9410853738817382 -1.9651167227911563 0.0066401627772575012 -2.0692164792820598 -0.82606047939003846 -2.909443202226857 1.7919616867761072 -2.2103377598941409 1.3318476608533085 -1.9541400940138267 1.3684805996385216 -2.1198064260164671 -1.9304428583321518 0.26906477575358478 -2.2509465027462201 5.8330024953907271 -1.2149732825103963 0.12156740238831433 -2.0252764270202555 -2.0847457044278883 -1.9601125260176828 -2.0246141525755106 1.340715439934133 -2.0248886785946061 0.23111619548426365 -1.561246092008242 -1.7202500227561996 -1.9880878328038567 -1.9962355572221089 1.2699601395744977 -1.3370497953605056 -2.1535656178509295 -0.057212458402943707 -1.0660435242621782 0.19590038988638156 -1.5036571500200853 1.3175196248967029 0.60824513070185504 0.12323026318888849 -0.0043505639181347028 0.16001075762172148 -2.0986801191623847 0.017941046936263493 -0.011555612600429503 1.269064083395117 0.055751284387417707 1.3462390951743255 0.033218735004172169 5.8718218307845138 0.80429695425861913 1.2545347259468105
leaf_weight=23 20 36 25 33 20 29 32 36 23 20 20 24 23 25 27 20 54 20 234 34 32 34 20 20 21 83 23 20 26 20 350 66 63 20 21 20 63 141 21 20 20 20 37 20 20 83 23 20 341 164 20 20 46 45 505 20 172 20 3537
leaf_count=23 20 36 25 33 20 29 32 36 23 20 20 24 23 25 27 20 54 20 234 34 32 34 20 20 21 83 23 20 26 20 350 66 63 20 21 20 63 141 21 20 20 20 37 20 20 83 23 20 341 164 20 20 46 45 505 20 172 20 3537
internal_value=1.7156e-06 0.000940318 -0.0138825 0.00131599 -0.00494126 -0.0203603 -0.00991369 0.00172539 -0.00167291 -0.0207257 0.00192479 -0.00178727 0.00214148 -0.00208755 -0.00821588 -0.0240687 -0.00189633 -0.0158525 0.00239343 -0.00297252 -0.000552952 -0.00655126 -0.00965087 0.00127295 -0.0122628 0.00252212 0.000399137 0.0014374 0.0026457 0.00102247 0.0023531 -0.0248432 0.00087108 -0.000403071 0.00251666 -0.0242246 -0.0254874 0.00229179 0.0024214 -0.0256492 0.00279259 0.00122211 0.0028299 0.000840631 0.00285619 0.00286987 0.00228484 0.0025464 0.00275709 -0.0261543 0.00293514 0.00209505 0.00295798 0.00202765 0.00293658 0.00290778 0.00282665 0.00229299 0.00297396
internal_weight=6995 6687 165 6522 400 308 81 6122 667 106 561 344 5455 306 112 227 79 65 5149 120 320 75 40 245 41 5029 278 194 4751 396 376 86 86 52 255 56 83 174 213 204 4355 103 4252 57 4195 4175 424 404 384 184 3751 103 3648 65 525 361 192 47 3583
internal_count=6995 6687 165 6522 400 308 81 6122 667 106 561 344 5455 306 112 227 79 65 5149 120 320 75 40 245 41 5029 278 194 4751 396 376 86 86 52 255 56 83 174 213 204 4355 103 4252 57 4195 4175 424 404 384 184 3751 103 3648 65 525 361 192 47 3583
is_linear=0
shrinkage=0.03


Tree=7
num_leaves=63
num_cat=0
split_feature=50 23 37 47 23 7 31 62 46 60 54 13 23 37 39 46 44 26 50 62 53 53 7 65 66 48 51 29 70 25 2 6 60 3 37 3 44 15 13 16 62 50 66 45 70 53 12 37 1 1 15 11 1 18 16 15 23 33 2 69 15 43
split_gain=147.544 40.9597 24.006 19.9481 26.1116 13.1223 15.0524 9.31782 50.8752 9.63304 9.20609 8.28003 5.63501 10.4131 13.0593 5.51604 5.43997 4.51233 4.45535 4.06237 9.04616 3.55378 2.92198 5.4559 2.62389 2.33253 1.88139 1.2008 0.904464 0.747861 0.59996 0.557481 0.428562 0.655919 0.413277 0.72702 0.404608 1.20877 0.401745 0.368082 0.356289 1.42272 1.37067 0.634822 3.2716 2.1614 0.344952 0.328701 0.405536 0.291994 0.250925 0.104373 0.101766 0.037976 0.0377646 0.0370912 0.0390489 0.0352654 0.0340524 0.0282753 0.025052 0.0257636
threshold=157.75000000000003 38.149722500000003 11718.500000000002 158.00000000000003 56.708891500000007 16.500000000000004 54.964888829772768 2536.7500000000005 32754.354166666668 2093.0000000000005 902.64583333333337 95149.000000000015 56.105232500000007 11453.500000000002 44139.000000000007 29721.791666666668 31830.500000000004 51.623631229166676 246.97916666666671 2276.6666666666674 807.50000000000011 1418.5000000000002 9.5000000000000018 1796.0000000000002 6776.729166666667 165.50000000000003 657.50000000000011 56.285801858437814 93839.666666666672 88.516272000000015 53.205295000000007 8.5000000000000018 5634.5000000000009 64.224159273741734 12356.000000000002 54.605766859627082 25469.500000000004 5966.0470926360476 103858.00000000001 -3152.9999999999995 2067.3958333333335 193.79166666666671 7222.7500000000009 32539.500000000004 107353.70833333336 665.50000000000011 95149.000000000015 9334.0000000000018 17.575000000000006 26.425000000000001 3143.3857431424726 78102.500000000015 6.3750000000000009 -2.0249999999999995 6684.5000000000009 3721.9435420113314 57.536420000000007 1.235915496540023 62.067045000000007 144947.00000000003 3359.1889780533679 25464.000000000004
decision_type=2 2 2 2 2 2 2 2 2 2 2 2 2 2 2 2 2 2 2 2 2 2 2 2 2 2 2 2 2 2 2 2 2 2 2 2 2 2 2 2 2 2 2 2 2 2 2 2 2 2 2 2 2 2 2 2 2 2 2 2 2 2
left_child=5 2 27 4 30 15 -7 12 10 -10 -9 18 13 14 24 -1 21 -4 -6 29 -21 -16 23 -20 31 26 -14 -2 -28 34 -3 -5 36 -34 35 -15 37 -27 -11 -24 47 -42 43 55 -45 -46 51 48 -38 -22 -49 -17 -8 -12 59 -43 -57 -36 -41 60 -52 -62
right_child=1 3 17 7 11 6 52 8 9 38 53 -13 25 19 16 46 -18 -19 22 20 49 -23 39 -25 -26 32 28 -29 -30 -31 -32 -33 33 -35 57 -37 40 -39 -40 58 41 42 -44 44 45 -47 -48 50 -50 -51 54 -53 -54 -55 -56 56 -58 -59 -60 -61 61 -63
leaf_value=-1.9619611111464974 -1.8669967883773615 -1.93693799410338 -1.9016668256706415 1.3552117013282747 -2.0127171126475729 -1.7549329545464436 3.0679264894066303 -1.915200301174715 -1.8828528126652857 -1.9061632211074218 0.0064409578939401508 -1.9513744129112593 -2.0413442337513144 1.4191859175801849 -2.0038407933878513 -2.1379233119042556 -0.83909418490310217 1.2918922310277094 12.974808450462838 -2.1609099312184048 -1.7615697241919683 -2.8017782437810115 -1.8844647726031223 -2.1394491708678336 -1.8611069033015701 -0.0091820710816966754 0.31372951813353916 -1.9641420182367679 -1.5117156232966393 -0.0094911408892391358 -1.9284451978197406 -0.071675155762693926 -1.7984631973789471 1.3553010911618439 7.5654939477723753 -1.8217898039864704 1.2509576550572834 0.11381792806893713 -1.9363484905054453 5.1187666561733023 -0.91688227501614361 1.0613572258488058 -1.47002860795857 -1.8123376511897882 -0.018548723787296134 1.3042560795443388 -2.0889586493154022 0.0083335454967705166 -1.6781326990621881 1.3818872296362323 0.066258129070624686 -2.0340703136285714 1.1822490979953049 1.3058519223190959 0.47524017779536776 1.3359844322036871 1.2816676935022644 1.05784790360012 5.2546927205740479 0.20072497486440555 0.073657304536862894 0.95381792806893706
leaf_weight=23 20 36 25 88 39 36 25 36 23 20 20 37 20 33 21 21 22 54 33 25 20 39 20 20 21 20 42 66 30 28 20 22 20 26 21 20 25 48 63 20 21 20 30 20 33 291 20 34 20 45 26 163 20 505 20 20 956 552 175 24 26 2726
leaf_count=23 20 36 25 88 39 36 25 36 23 20 20 37 20 33 21 21 22 54 33 25 20 39 20 20 21 20 42 66 30 28 20 22 20 26 21 20 25 48 63 20 21 20 30 20 33 291 20 34 20 45 26 163 20 505 20 20 956 552 175 24 26 2726
internal_value=-6.17574e-05 0.000873024 -0.0138825 0.00124699 -0.00524119 -0.0203603 -0.00991369 0.00167149 -0.00167291 -0.0207257 0.00192479 -0.00213601 0.00208099 -6.26883e-06 -0.00585641 -0.0240687 -0.0152375 -0.00189633 -0.000507978 0.0016651 -0.00429523 -0.0199168 0.000861619 -0.00542373 1.11162e-10 0.00252573 -0.00218241 -0.0248432 4.1609e-05 0.00249044 -0.0242246 0.00188011 0.00262477 -0.000195228 0.00270724 0.000112994 0.00265521 0.00030837 -0.0254874 0.00242678 0.00269169 0.00228596 0.00240639 0.00254981 0.0014211 0.00215674 -0.0256492 0.00288511 0.000266075 0.00156682 0.00292532 -0.0261543 0.00159645 0.00293658 0.00295631 0.00293645 0.00296588 0.0029419 0.00282932 0.0029667 0.00297721 0.0029879
internal_weight=6995 6687 165 6522 400 308 81 6122 667 106 561 344 5455 957 213 227 82 79 307 744 90 60 268 53 131 4498 92 86 72 654 56 110 4406 46 626 53 4360 68 83 215 4292 1391 1370 1340 344 324 204 2901 45 65 2856 184 45 525 2822 996 976 573 195 2802 2778 2752
internal_count=6995 6687 165 6522 400 308 81 6122 667 106 561 344 5455 957 213 227 82 79 307 744 90 60 268 53 131 4498 92 86 72 654 56 110 4406 46 626 53 4360 68 83 215 4292 1391 1370 1340 344 324 204 2901 45 65 2856 184 45 525 2822 996 976 573 195 2802 2778 2752
is_linear=0
shrinkage=0.03


end of trees

feature_importances:
Column_37=27
Column_62=27
Column_23=19
Column_46=19
Column_50=19
Column_26=17
Column_47=17
Column_1=15
Column_2=15
Column_48=15
Column_54=13
Column_13=12
Column_25=12
Column_15=11
Column_18=11
Column_4=10
Column_21=10
Column_3=9
Column_0=8
Column_12=8
Column_27=8
Column_7=7
Column_43=7
Column_49=7
Column_60=7
Column_24=6
Column_44=6
Column_45=6
Column_55=6
Column_61=6
Column_66=6
Column_5=5
Column_19=5
Column_20=5
Column_38=5
Column_59=5
Column_6=4
Column_16=4
Column_29=4
Column_31=4
Column_33=4
Column_52=4
Column_53=4
Column_63=4
Column_68=4
Column_17=3
Column_28=3
Column_40=3
Column_42=3
Column_51=3
Column_57=3
Column_58=3
Column_64=3
Column_65=3
Column_11=2
Column_14=2
Column_34=2
Column_39=2
Column_56=2
Column_67=2
Column_70=2
Column_10=1
Column_22=1
Column_30=1
Column_35=1
Column_69=1

parameters:
[boosting: gbdt]
[objective: quantile]
[metric: quantile]
[tree_learner: serial]
[device_type: cpu]
[data_sample_strategy: bagging]
[data: ]
[valid: ]
[num_iterations: 1500]
[learning_rate: 0.03]
[num_leaves: 63]
[num_threads: 24]
[seed: 42]
[deterministic: 0]
[force_col_wise: 0]
[force_row_wise: 0]
[histogram_pool_size: -1]
[max_depth: -1]
[min_data_in_leaf: 20]
[min_sum_hessian_in_leaf: 0.001]
[bagging_fraction: 0.8]
[pos_bagging_fraction: 1]
[neg_bagging_fraction: 1]
[bagging_freq: 0]
[bagging_seed: 400]
[bagging_by_query: 0]
[feature_fraction: 0.8]
[feature_fraction_bynode: 1]
[feature_fraction_seed: 30056]
[extra_trees: 0]
[extra_seed: 12879]
[early_stopping_round: 0]
[early_stopping_min_delta: 0]
[first_metric_only: 0]
[max_delta_step: 0]
[lambda_l1: 0.1]
[lambda_l2: 0.1]
[linear_lambda: 0]
[min_gain_to_split: 0]
[drop_rate: 0.1]
[max_drop: 50]
[skip_drop: 0.5]
[xgboost_dart_mode: 0]
[uniform_drop: 0]
[drop_seed: 17869]
[top_rate: 0.2]
[other_rate: 0.1]
[min_data_per_group: 100]
[max_cat_threshold: 32]
[cat_l2: 10]
[cat_smooth: 10]
[max_cat_to_onehot: 4]
[top_k: 20]
[monotone_constraints: ]
[monotone_constraints_method: basic]
[monotone_penalty: 0]
[feature_contri: ]
[forcedsplits_filename: ]
[refit_decay_rate: 0.9]
[cegb_tradeoff: 1]
[cegb_penalty_split: 0]
[cegb_penalty_feature_lazy: ]
[cegb_penalty_feature_coupled: ]
[path_smooth: 0]
[interaction_constraints: ]
[verbosity: -1]
[saved_feature_importance_type: 0]
[use_quantized_grad: 0]
[num_grad_quant_bins: 4]
[quant_train_renew_leaf: 0]
[stochastic_rounding: 1]
[linear_tree: 0]
[max_bin: 255]
[max_bin_by_feature: ]
[min_data_in_bin: 3]
[bin_construct_sample_cnt: 200000]
[data_random_seed: 175]
[is_enable_sparse: 1]
[enable_bundle: 1]
[use_missing: 1]
[zero_as_missing: 0]
[feature_pre_filter: 1]
[pre_partition: 0]
[two_round: 0]
[header: 0]
[label_column: ]
[weight_column: ]
[group_column: ]
[ignore_column: ]
[categorical_feature: ]
[forcedbins_filename: ]
[precise_float_parser: 0]
[parser_config_file: ]
[objective_seed: 16083]
[num_class: 1]
[is_unbalance: 0]
[scale_pos_weight: 1]
[sigmoid: 1]
[boost_from_average: 1]
[reg_sqrt: 0]
[alpha: 0.1]
[fair_c: 1]
[poisson_max_delta_step: 0.7]
[tweedie_variance_power: 1.5]
[lambdarank_truncation_level: 30]
[lambdarank_norm: 1]
[label_gain: ]
[lambdarank_position_bias_regularization: 0]
[eval_at: ]
[multi_error_top_k: 1]
[auc_mu_weights: ]
[num_machines: 1]
[local_listen_port: 12400]
[time_out: 120]
[machine_list_filename: ]
[machines: ]
[gpu_platform_id: -1]
[gpu_device_id: -1]
[gpu_use_dp: 0]
[num_gpu: 1]

end of parameters

pandas_categorical:null
