tree
version=v4
num_class=1
num_tree_per_iteration=1
label_index=0
max_feature_idx=70
objective=quantile
feature_names=Column_0 Column_1 Column_2 Column_3 Column_4 Column_5 Column_6 Column_7 Column_8 Column_9 Column_10 Column_11 Column_12 Column_13 Column_14 Column_15 Column_16 Column_17 Column_18 Column_19 Column_20 Column_21 Column_22 Column_23 Column_24 Column_25 Column_26 Column_27 Column_28 Column_29 Column_30 Column_31 Column_32 Column_33 Column_34 Column_35 Column_36 Column_37 Column_38 Column_39 Column_40 Column_41 Column_42 Column_43 Column_44 Column_45 Column_46 Column_47 Column_48 Column_49 Column_50 Column_51 Column_52 Column_53 Column_54 Column_55 Column_56 Column_57 Column_58 Column_59 Column_60 Column_61 Column_62 Column_63 Column_64 Column_65 Column_66 Column_67 Column_68 Column_69 Column_70
feature_infos=[66131:160560] [-20:34.149999999999999] [25.719044:100] [36.971664299722725:71.559848645091535] [0:23] [0:6] [1:10] [1:31] [0:1] [0:1] [0:0.99270887409805397] [66131:160560] [66131:160560] [66131:160560] [72233.041666666672:137142.20833333334] [2057.6408592873181:22024.617595875727] [-9183:8446] [-20:34.149999999999999] [-20:34.149999999999999] [-20:34.149999999999999] [-16.568749999999998:29.675000000000001] [0.52945401875049547:7.951298487978419] [-5.8000000000000007:5.5499999999999972] [25.719044:100] [25.719044:100] [25.719044:100] [45.313373250000005:95.04641233333335] [0.97911827352794878:23.426507825749582] [-30.049300000000002:30.860949999999995] [36.971664299722725:71.559848645091535] [36.971664299722725:71.559848645091535] [36.971664299722725:71.559848645091535] [45.760024263258238:67.819212344444352] [0.67909628204517791:7.5954539582083802] [-8.6935655667746659:7.6341842441526993] [6201:33428] [6201:33428] [6201:33428] [7216.916666666667:32362.625] [18440:75926] [18440:75926] [18440:75926] [24497.5:64836.833333333336] [25199:33959] [25199:33959] [26474:33959] [25316:33930.166666666664] [43:6933] [43:6933] [43:6933] [83.541666666666671:5366.375] [366:3539] [366:3539] [366:3539] [431.45833333333331:2835.4583333333335] [0:12186] [0:12186] [0:12186] [281.875:5366.791666666667] [85:6739] [85:6739] [85:6739] [718.33333333333337:3117.0833333333335] [29:9938] [29:9938] [29:9938] [157.125:8964.4166666666661] [68553:162721] [68553:162721] [68553:162721] [74746.875:140862.16666666666]
tree_sizes=5000 5040 5459 5447 4907 5473 5454 5496

Tree=0
num_leaves=62
num_cat=0
split_feature=47 50 16 48 10 46 7 60 23 4 37 2 1 11 38 57 58 62 54 3 2 58 50 49 18 23 60 62 46 16 65 60 54 50 15 27 4 37 48 62 59 60 30 11 66 14 37 49 47 48 50 59 12 50 19 47 12 20 0 1 61
split_gain=182.335 29.9979 30.6547 22.7662 11.7984 9.82991 7.78286 7.64985 7.61691 16.5332 28.5246 7.25672 5.66548 5.16833 4.422 5.12665 4.11483 3.88482 3.62226 3.28401 2.79945 2.78343 2.4879 2.11473 2.56817 2.3703 2.55393 1.76962 16.1826 9.32236 4.72476 1.55997 1.2085 1.00604 3.75744 0.94772 0.813916 1.39671 0.637465 0.521433 0.455273 0.440467 0.372306 0.355988 0.223482 0.489178 0.193107 0.187846 1.27249 0.198069 1.42238 0.204007 0.205541 0.121853 0.291994 0.0365269 0.0330073 0.029141 0.0261715 0.024112 0.0110077
threshold=159.50000000000003 251.77083333333334 -459.49999999999994 165.50000000000003 1.0000000180025095e-35 30877.062500000004 22.500000000000004 1222.5000000000002 56.105232500000007 4.5000000000000009 12429.500000000002 56.105232500000007 9.2750000000000021 75661.500000000015 12392.145833333334 4155.0000000000009 2754.5416666666674 2974.2708333333335 584.64583333333337 54.919978904453693 90.17932500000002 2936.7291666666674 89.375000000000014 145.50000000000003 19.125000000000004 31.348176000000006 3101.5000000000005 2470.2916666666674 32820.916666666679 -1809.4999999999998 7913.5000000000009 1610.5000000000002 641.35416666666686 191.06250000000003 5833.5358427458059 17.680729149557731 22.500000000000004 11450.500000000002 639.50000000000011 2325.4375000000005 1259.5000000000002 5444.0000000000009 55.948813615185749 78476.000000000015 6012.7291666666679 88794.187500000015 8580.0000000000018 167.50000000000003 525.50000000000011 2239.0000000000005 1153.2708333333337 5502.5000000000009 125521.50000000001 197.35416666666669 -6.2749999999999995 166.50000000000003 96281.000000000015 22.452083333333338 94845.000000000015 12.475000000000001 157.50000000000003
decision_type=2 2 2 2 2 2 2 2 2 2 2 2 2 2 2 2 2 2 2 2 2 2 2 2 2 2 2 2 2 2 2 2 2 2 2 2 2 2 2 2 2 2 2 2 2 2 2 2 2 2 2 2 2 2 2 2 2 2 2 2 2
left_child=1 7 5 4 6 -3 16 12 9 10 11 38 -1 -4 40 22 -2 18 -10 -17 31 -8 -16 24 -11 26 -25 33 30 -30 -29 43 -6 34 58 57 41 -38 -5 59 -9 44 -7 -15 46 -46 -27 48 56 51 -51 53 -53 54 -49 -55 -35 -12 -20 -39 -57
right_child=3 2 13 8 32 42 21 14 17 23 35 -13 -14 20 15 19 -18 -19 27 -21 -22 -23 -24 25 -26 36 -28 28 29 -31 -32 -33 -34 47 -36 -37 37 39 -40 -41 -42 -43 -44 -45 45 -47 -48 49 -50 50 -52 52 -54 55 -56 60 -58 -59 -60 -61 -62
leaf_value=165.81600002065301 159.73200000286101 159.63 158.71200002655388 159.60000000178815 159.56999999999999 159.63 162.27900000102818 159.53400000169873 159.49200000107288 159.76200000375511 162.56999999999999 159.87 159.4980000025034 162.00000007420778 159.63900000102819 159.87000000402332 159.59999999999999 159.60600000143052 162.15000000000001 159.50999999999999 159.56999999999999 161.01300000093877 159.52800000295042 169.86000004380941 163.80600001439453 163.23000008493662 159.58200000107288 163.56 159.62100000120699 166.3830001860112 159.55800000339747 159.48600000098347 162.7740000025928 163.53600001305341 159.50999999999999 160.08600000813604 159.65700000084937 162.14400000169874 159.53999999999999 160.74000003397464 159.47999999999999 161.10900007389486 159.37200005605817 168.90600002288818 163.34999999999999 161.59200006455183 163.47 161.53200001358985 159.97200000196696 161.91 166.84800000563263 159.59400000169873 163.68000000000001 162.06000000178813 162.3660000255704 163.78500000827015 162.85800000339748 163.56300000764429 162.03 163.56 163.31999999999999
leaf_weight=22 33 23 23 21 21 21 24 20 25 29 89 26 29 21 24 31 46 33 66 22 23 22 67 21 24 20 25 547 28 20 20 23 59 147 20 27 20 20 50 20 141 30 67 129 38 20 624 20 23 21 127 20 21 21 45 38 20 20 20 55 3649
leaf_count=22 33 23 23 21 21 21 24 20 25 29 89 26 29 21 24 31 46 33 66 22 23 22 67 21 24 20 25 547 28 20 20 23 59 147 20 27 20 20 50 20 141 30 67 129 38 20 624 20 23 21 127 20 21 21 45 38 20 20 20 55 3649
internal_value=162 161.985 161.992 162.002 161.992 161.979 161.986 161.979 162.002 162 161.993 161.98 161.99 161.998 161.977 161.981 161.98 162.002 162.002 161.989 162 161.996 161.977 162.002 161.996 162.002 161.995 162.003 162.001 161.984 162.002 162.001 162.001 162.003 162 162.001 162.002 162 161.975 162.001 161.974 162.003 161.974 162.002 162.003 162.001 162.003 162.003 162.002 162.003 162.002 162.003 162.001 162.003 162.002 162.003 162.003 162.003 162.003 162.003 162.003
internal_weight=7001 686 330 6315 205 111 125 356 6110 1179 233 97 51 219 305 144 79 4931 4898 53 196 46 91 946 53 893 46 4873 615 48 567 173 80 4258 106 136 847 115 71 95 161 732 88 150 702 58 644 4152 190 3962 148 3814 41 3773 65 3708 167 109 86 75 3687
internal_count=7001 686 330 6315 205 111 125 356 6110 1179 233 97 51 219 305 144 79 4931 4898 53 196 46 91 946 53 893 46 4873 615 48 567 173 80 4258 106 136 847 115 71 95 161 732 88 150 702 58 644 4152 190 3962 148 3814 41 3773 65 3708 167 109 86 75 3687
is_linear=0
shrinkage=1


Tree=1
num_leaves=58
num_cat=0
split_feature=50 48 56 26 19 16 33 16 46 58 12 32 20 66 19 62 46 16 54 56 38 48 26 62 56 40 51 53 38 20 40 45 42 3 67 39 27 49 64 62 22 48 49 50 26 12 62 21 1 54 31 64 59 62 52 11 3
split_gain=160.286 57.2382 26.1869 25.1588 12.948 12.8886 19.5929 9.71257 7.56443 7.26458 6.29815 6.23769 5.40747 5.1728 5.03764 3.94339 20.1567 20.8607 5.47952 6.1031 3.33145 10.3181 3.27549 2.88213 2.04679 1.89601 1.55331 2.12564 1.89051 9.32524 1.50421 4.41109 1.15925 1.0593 1.02421 0.888889 0.700484 0.674605 0.654572 3.33299 0.465688 0.30761 0.38097 0.267624 0.267485 0.467718 0.135173 0.271236 0.113264 0.110854 0.303328 0.162105 0.122945 0.294236 0.0370479 0.0289332 0.0207453
threshold=157.75000000000003 162.50000000000003 207.50000000000003 55.019312312500013 7.5250000000000012 -369.49999999999994 2.8490978968310832 -28.499999999999996 30031.729166666668 2754.5416666666674 89564.000000000015 58.368010882318721 24.441666666666674 6012.7291666666679 3.7750000000000004 2503.3958333333335 32820.916666666679 121.00000000000001 887.79166666666686 3971.5000000000005 8487.7083333333339 654.50000000000011 83.696019333333354 2503.3958333333335 2220.5000000000005 36097.000000000007 663.50000000000011 543.50000000000011 9387.5625000000018 17.494791666666668 47905.500000000007 32548.500000000004 41335.979166666672 55.272451374917793 112205.50000000001 52039.500000000007 20.371805775721754 81.500000000000014 7360.0000000000009 2072.5208333333335 0.050000000000002494 169.50000000000003 173.50000000000003 182.91666666666669 56.191834958333338 97206.500000000015 2470.2916666666674 2.4550833644689525 6.0750000000000002 738.47916666666674 65.499724153993427 7905.0000000000009 5502.5000000000009 2365.5208333333335 1349.5000000000002 85814.500000000015 56.208761202996357
decision_type=2 2 2 2 2 2 2 2 2 2 2 2 2 2 2 2 2 2 2 2 2 2 2 2 2 2 2 2 2 2 2 2 2 2 2 2 2 2 2 2 2 2 2 2 2 2 2 2 2 2 2 2 2 2 2 2 2
left_child=8 2 4 5 10 6 34 12 9 14 48 -9 25 35 -1 20 18 -18 19 -17 21 56 -10 -11 -4 -6 27 -22 29 -28 38 -32 -19 -8 -3 -7 37 -30 41 -40 -26 -29 -43 -39 45 -45 49 -48 -2 50 51 -46 -51 -54 -44 -42 -5
right_child=1 3 24 15 7 13 33 11 22 23 -12 -13 -14 -15 -16 16 17 32 -20 -21 26 -23 -24 -25 40 -27 28 30 36 -31 31 -33 -34 -35 -36 -37 -38 43 39 -41 55 42 54 44 46 -47 47 -49 -50 52 -52 -53 53 -55 -56 -57 -58
leaf_value=0.70590000229328831 1.8816299999691546 -2.4158399980142709 -2.3156399984344835 1.7004000000000001 -2.2808999979436395 3.1404000084936619 -2.2088399992391463 -2.4854339941910508 -2.4443999999999995 -2.393639995881915 -2.4278399980321521 2.0186400202748174 -2.0588999991059302 -2.38840798794803 -2.5553999989718195 -2.3567400001019241 -2.3922000007197255 -2.2532999935626981 1.5431549999637904 1.0373160019349457 -2.2680000000536444 -2.2423589992729425 -2.1818399983897803 -2.3581349999383092 -0.81348896025842399 -2.3232120000866354 1.6861500032521786 0.0056100009553134095 -2.2338599972963338 -2.3444699963293969 -1.2274619774250981 0.68040000000000023 6.7654200017586348 1.7349000100135805 -2.4161999991059302 -2.2824599953383209 -2.2361999982118603 0.11549999999999983 0.19277400152555096 -2.1238799653726819 0.53790000157803264 -2.3870999227344987 0.73185602813208106 1.409400001475215 0.72143401143005459 -1.2138959630514088 -2.0976299974881112 1.6331999999999998 0.25719005773141995 1.2804000000000002 -0.17447999391764393 0.21804000080823924 1.6295999999999997 -2.3338199983522294 1.3171800405433776 1.4835840093808472 1.7499300008408725
leaf_weight=28 31 51 35 42 24 96 20 24 160 50 24 31 21 32 24 21 51 25 586 22 21 20 20 26 24 108 98 23 22 22 24 43 41 33 21 22 21 31 68 22 20 21 355 34 138 20 20 37 20 3993 21 21 46 20 20 87 20
leaf_count=28 31 51 35 42 24 96 20 24 160 50 24 31 21 32 24 21 51 25 586 22 21 20 20 26 24 108 98 23 22 22 24 43 41 33 21 22 21 31 68 22 20 21 355 34 138 20 20 37 20 3993 21 21 46 20 20 87 20
internal_value=1.71403e-05 0.000991469 -0.00935204 0.00173588 -0.0148993 -0.00713195 -0.0142446 -0.0187554 -0.0211392 -0.0154801 -0.00415446 -0.00784029 -0.0226519 -0.00117921 -0.00673704 0.00214505 0.000100523 -0.0113237 0.00223176 -0.00807425 0.00243648 -0.00354446 -0.025136 -0.021406 9.03072e-05 -0.0249129 0.00253253 0.00108525 0.00272199 -0.000974188 0.00143204 -0.00277198 -0.000136157 -0.000338983 -0.0244244 0.00170195 0.00282295 0.00284936 0.00199175 -0.000299667 0.00183066 0.00249105 0.00268872 0.00287599 0.0028958 0.000720887 0.00292242 0.00136602 0.00176125 0.00294261 0.00214881 0.00260214 0.00297701 0.0015885 0.00291122 0.00268908 0.00246377
internal_weight=7001 6693 449 6244 283 275 125 208 308 128 75 55 153 150 52 5969 746 117 629 43 5223 82 180 76 166 132 5141 597 4544 120 576 67 66 53 72 118 4424 4403 509 90 131 419 396 4381 4350 54 4296 57 51 4239 180 159 4059 66 375 107 62
internal_count=7001 6693 449 6244 283 275 125 208 308 128 75 55 153 150 52 5969 746 117 629 43 5223 82 180 76 166 132 5141 597 4544 120 576 67 66 53 72 118 4424 4403 509 90 131 419 396 4381 4350 54 4296 57 51 4239 180 159 4059 66 375 107 62
is_linear=0
shrinkage=0.03


Tree=2
num_leaves=63
num_cat=0
split_feature=47 16 48 70 26 4 16 60 0 20 44 43 46 61 60 16 59 32 45 62 37 26 57 58 49 60 44 32 42 38 54 42 19 58 1 45 60 53 4 55 16 54 19 45 59 45 14 1 47 1 26 65 27 53 4 56 16 3 65 34 42 1
split_gain=181.782 26.4335 20.9857 16.7113 15.9982 15.2248 12.0512 9.82666 9.96604 7.64465 6.87265 7.57094 8.30045 6.31479 6.15165 5.28855 4.45583 6.7879 8.88521 10.6605 9.56393 7.12699 5.04107 4.35138 2.49098 2.36953 2.25299 1.78274 1.70615 1.44911 4.20306 1.1864 1.0373 0.928122 0.92232 0.709443 0.664449 0.791627 0.548748 0.497079 7.59073 0.738336 1.59756 0.479186 0.46855 0.43284 1.50876 0.392507 0.298754 0.428845 0.174365 0.171009 0.437297 0.180348 0.142467 0.0568303 0.351781 0.037565 0.0375128 0.255149 0.0363156 0.0305527
threshold=159.50000000000003 1684.5000000000002 156.50000000000003 95207.166666666686 55.019312312500013 6.5000000000000009 -2482.4999999999995 1236.5000000000002 82862.000000000015 20.942708333333339 30053.500000000004 28838.000000000004 30031.729166666668 3630.5000000000005 1610.5000000000002 -28.499999999999996 4006.0000000000005 60.647693774661853 29995.500000000004 2195.854166666667 13869.000000000002 68.479347875000016 4083.5000000000005 2635.2500000000005 80.500000000000014 1904.5000000000002 31484.500000000004 54.811352593310211 45195.083333333336 8487.7083333333339 1351.291666666667 42575.479166666672 -10.574999999999998 3108.4375000000005 16.125000000000004 31543.000000000004 4400.5000000000009 688.50000000000011 17.500000000000004 3.5000000000000004 -4184.9999999999991 634.14583333333337 -8.3749999999999982 32332.500000000004 1259.5000000000002 32513.500000000004 103471.25000000001 6.9750000000000005 168.50000000000003 2.1750000000000003 59.044880312500005 8741.5000000000018 10.853961585163603 472.50000000000006 11.500000000000002 3.5000000000000004 -3395.4999999999995 61.567323831540556 8125.5000000000009 0.77562735296964658 50650.666666666672 21.275000000000002
decision_type=2 2 2 2 2 2 2 2 2 2 2 2 2 2 2 2 2 2 2 2 2 2 2 2 2 2 2 2 2 2 2 2 2 2 2 2 2 2 2 2 2 2 2 2 2 2 2 2 2 2 2 2 2 2 2 2 2 2 2 2 2 2
left_child=1 7 5 14 6 23 9 8 15 -4 11 -9 27 35 -3 31 24 18 47 20 -20 -21 43 -2 -6 38 -10 -13 44 30 -26 -1 -22 -16 -5 -8 39 -38 -7 40 -31 42 -41 -23 -12 -39 -47 -18 49 -43 -42 53 -53 -50 -44 56 -55 -19 -57 -60 -52 -25
right_child=2 3 4 34 16 25 13 10 26 -11 28 12 -14 -15 33 -17 17 57 19 21 32 22 -24 61 29 -27 -28 -29 -30 36 -32 -33 -34 -35 -36 -37 37 45 -40 41 50 48 54 -45 -46 46 -48 -49 51 -51 60 52 -54 55 -56 58 -58 -59 59 -61 -62 -63
leaf_value=-2.3112749916788045 -2.1422636382950917 -2.2814906939965742 -1.9248854398280597 -2.375927759541697 -2.1038441964386707 0.7010643028394361 -1.9414304436738534 -2.0677380000308454 1.9427835595464478 -2.2987139984621994 -2.3186879983522295 0.47320328259308048 -2.3596439990140192 -2.2261097970765085 -2.3114279999651308 -2.3836079971246722 -1.6497348362930335 1.2109380160105523 -2.2301669999200695 -1.649677797313839 -0.86055479923783273 -2.2868639999899951 -2.334920701249382 -2.1383036399974005 -2.1692802299249836 -2.3463559500018505 -2.0042983203191258 -2.1363647992987183 -2.1622376412918349 -2.1098189991786631 1.6493880000000001 -3.0494636245130082 0.28550818629984037 -2.3110679999999997 6.9922608344678965 3.0161880086858872 -2.1999600000520352 1.2950880004112724 -1.4750488760419613 -0.97158360103881924 1.1788569991830538 -0.018011999999999376 1.0705228943830452 -2.3466922799790839 -2.401787999711662 -2.1064139847469483 0.66272628660774646 1.3019880000000006 1.4987280045034281 0.049992668454970982 0.66552249557494492 -1.1209232752320688 1.3656686948660868 -2.0537477080753828 0.74208431874834191 1.3619880000000006 0.30865674217841294 1.4642460000531972 0.47844431915603763 0.099580276386497718 1.6097880487536196 -2.2583263559959259
leaf_weight=20 21 34 29 20 29 53 33 42 35 36 20 32 25 36 27 34 20 20 28 32 20 21 20 27 20 20 26 20 20 20 50 49 124 25 101 101 25 93 20 20 20 20 20 29 156 21 44 182 21 28 286 24 54 20 57 3868 89 426 120 28 20 20
leaf_count=20 21 34 29 20 29 53 33 42 35 36 20 32 25 36 27 34 20 20 28 32 20 21 20 27 20 20 26 20 20 20 50 49 124 25 101 101 25 93 20 20 20 20 20 29 156 21 44 182 21 28 286 24 54 20 57 3868 89 426 120 28 20 20
internal_value=4.28515e-06 -0.0146611 0.00159807 -0.00567842 0.00187826 -0.00908752 -0.00579328 -0.0185348 -0.0125229 -0.0167742 -0.0216503 -0.015869 -0.0101946 -0.00156966 -0.015784 -0.0182153 0.00218344 0.000263529 -0.00222432 -0.00574608 -0.00116793 -0.013428 -0.0187874 -0.0198678 0.00253707 -0.00116004 -0.00284779 -0.00328215 -0.0251351 0.00258872 -0.00166904 -0.0230101 0.00193616 -0.0222841 0.00148637 0.0014094 0.00265021 0.000851994 0.00131327 0.00271935 0.00160358 0.00280699 0.000185376 -0.0238922 -0.0261158 0.00165085 -0.000184332 0.00253835 0.0028658 0.000436591 0.00271389 0.00289269 0.00142125 0.00291961 0.00217899 0.00293375 0.00214482 0.00292535 0.00295436 0.00237002 0.00289121 -0.0249682
internal_weight=7001 686 6315 207 6154 161 235 479 164 65 315 119 77 170 86 103 5919 922 476 274 172 102 70 68 4997 93 61 52 196 4968 70 69 144 52 121 134 4898 183 73 4715 346 4369 97 50 176 158 65 202 4272 48 326 4224 78 4146 77 4125 109 446 4016 148 306 47
internal_count=7001 686 6315 207 6154 161 235 479 164 65 315 119 77 170 86 103 5919 922 476 274 172 102 70 68 4997 93 61 52 196 4968 70 69 144 52 121 134 4898 183 73 4715 346 4369 97 50 176 158 65 202 4272 48 326 4224 78 4146 77 4125 109 446 4016 148 306 47
is_linear=0
shrinkage=0.03


Tree=3
num_leaves=63
num_cat=0
split_feature=47 50 16 48 4 26 22 58 6 26 20 67 62 59 32 52 46 6 58 63 49 16 50 5 39 50 49 66 62 69 0 20 37 24 39 47 62 35 59 62 57 26 15 54 18 48 0 64 66 27 60 4 49 15 16 55 2 54 63 3 50 19
split_gain=179.938 31.3189 28.1409 21.0044 15.2248 14.462 14.1332 10.721 8.93803 8.37859 11.2689 5.53709 4.53771 4.40881 6.7879 8.23657 7.24735 5.07695 4.35138 3.41629 3.19695 2.87587 2.7198 2.54245 4.2899 2.49306 2.4841 2.08827 1.95619 4.9207 1.705 1.31051 1.01021 3.62361 0.637893 0.591931 1.26528 2.84552 0.613128 0.822904 1.61124 0.960257 1.1644 0.692808 0.82574 0.509785 0.41257 0.251682 0.171385 0.1632 0.13188 0.120633 0.276951 0.124932 0.106636 1.01166 0.105922 0.105843 0.0699549 0.103889 0.0563179 0.119544
threshold=159.50000000000003 251.77083333333334 -459.49999999999994 156.50000000000003 6.5000000000000009 55.019312312500013 -0.55000000000000038 4224.0833333333348 5.5000000000000009 70.931571479166678 12.762500000000001 82045.000000000015 2651.6458333333339 4006.0000000000005 60.647693774661853 2197.5000000000005 32834.916666666672 8.5000000000000018 2635.2500000000005 4672.0000000000009 171.50000000000003 -1922.9999999999998 195.22916666666671 2.5000000000000004 33901.000000000007 185.54166666666671 80.500000000000014 6066.916666666667 2536.7500000000005 101270.00000000001 86925.000000000015 10.688541666666669 8454.5000000000018 61.915515000000006 51668.000000000007 179.50000000000003 2057.6250000000005 14732.500000000002 2391.5000000000005 2479.6875000000005 25.500000000000004 57.800545916666671 5861.4725818135385 694.10416666666674 9.1250000000000018 88.500000000000014 83319.500000000015 4000.5000000000005 2316.5416666666674 19.899858776705774 1496.5000000000002 22.500000000000004 404.50000000000006 3268.7819778240596 -4538.4999999999991 7.5000000000000009 73.198120000000017 684.37500000000011 8815.0000000000018 53.515706043036445 193.79166666666671 -2.6249999999999996
decision_type=2 2 2 2 2 2 2 2 2 2 2 2 2 2 2 2 2 2 2 2 2 2 2 2 2 2 2 2 2 2 2 2 2 2 2 2 2 2 2 2 2 2 2 2 2 2 2 2 2 2 2 2 2 2 2 2 2 2 2 2 2 2
left_child=1 9 8 4 18 6 7 21 -3 23 30 -4 -12 26 15 17 -17 20 -2 46 -15 -5 -22 24 -1 -6 -7 34 57 -30 -11 -26 33 -28 -8 36 48 -38 49 41 -41 42 -40 44 -43 -10 -13 -42 -34 51 -27 53 -53 -37 55 -55 -39 -24 60 -60 61 -56
right_child=3 2 11 5 25 13 27 -9 45 10 12 19 -14 14 -16 16 -18 -19 -20 -21 22 -23 28 -25 31 50 32 -29 29 -31 -32 -33 35 -35 -36 38 37 56 39 40 47 43 -44 -45 -46 -47 -48 -49 -50 -51 -52 52 -54 54 58 -57 -58 -59 59 -61 -62 -63
leaf_value=-2.2115452792924439 -2.0779957291462385 -2.1565222319154782 -3.1242887157102692 -2.218741505963163 -2.2339652690878071 -2.0407288705455109 3.4829252931039196 1.5632951538874298 -2.1601152287574039 1.0041091899803654 -2.3766615582487773 -0.500396504983603 -1.932574557751142 -2.2808391889448827 1.3929779699994895 1.3258457223392475 -2.275110231681317 -2.1320242186913649 -2.1905538493175225 -2.2831844416308096 -2.1268944512421739 -2.243433785342682 0.76987909241277819 -2.2771916343923073 -2.2653961178337227 0.41803732615040701 -2.1030502793006356 -1.9288670922551243 1.1638457136667717 -2.2152580790761447 -2.2486901804037247 -2.1519322575500337 0.0076922347433219657 1.4421849569785719 -1.8994676426120967 0.032130086817387271 -1.7981550780459787 0.051652785013768431 1.4548383623818022 -2.0617009726026594 1.4354245534606742 -1.2532690688107038 -2.2300954683838428 1.1411283600000006 1.531681790921976 -2.1681005392113124 6.9589411726986627 -0.22773863543751047 0.098957571694369931 1.5635739671392899 0.0024000638686179562 -1.0018460199472767 1.039128397372113 -2.0135694285144852 0.064550210074690917 1.5911283600000006 0.24319620936202593 0.60467154432696246 -0.0018716391506330863 0.091640787225677103 1.3466283599999997 0.62112232817258783
leaf_weight=23 21 23 22 41 28 29 99 22 50 25 55 39 20 21 446 24 38 31 47 37 26 23 31 139 53 45 20 30 42 22 20 21 20 59 20 28 20 20 20 27 49 29 20 587 31 38 121 23 135 22 20 20 39 21 20 153 27 241 20 26 3497 35
leaf_count=23 21 23 22 41 28 29 99 22 50 25 55 39 20 21 446 24 38 31 47 37 26 23 31 139 53 45 20 30 42 22 20 21 20 59 20 28 20 20 20 27 49 29 20 587 31 38 121 23 135 22 20 20 39 21 20 153 27 241 20 26 3497 35
internal_value=1.71403e-05 -0.0145737 -0.00789761 0.00160283 -0.00908752 0.00188313 -0.00541046 -0.0150871 -0.020198 -0.0207498 -0.0142132 -0.00164309 -0.0213316 0.0021733 0.000263529 -0.00222432 -0.0124155 -0.000688239 -0.0198678 -3.04413e-05 0.000250587 -0.0212949 0.000919636 -0.0240534 -0.0201442 -0.00116004 0.00252506 0.000160966 0.00165129 -0.00304212 -0.00226164 -0.0236842 0.00257664 -0.000758533 0.00196474 0.00263116 0.0010941 -0.00232489 0.00270361 0.00192724 -0.000605449 0.00229661 -0.00216958 0.00257765 -0.000449251 -0.0245516 0.00185509 0.00170596 0.00259188 0.00286001 0.00202765 0.00287476 0.00142132 0.0028965 0.00291164 0.00211947 0.00165605 0.00276736 0.00294906 0.0016269 0.00296529 0.00185118
internal_weight=7001 686 330 6315 161 6154 235 86 111 356 120 219 75 5919 922 476 62 414 68 197 383 64 362 236 97 93 4997 149 336 64 45 74 4968 79 119 4889 222 67 4667 786 99 687 40 647 60 88 160 72 155 3881 65 3859 59 3800 3772 174 47 272 3598 46 3552 55
internal_count=7001 686 330 6315 161 6154 235 86 111 356 120 219 75 5919 922 476 62 414 68 197 383 64 362 236 97 93 4997 149 336 64 45 74 4968 79 119 4889 222 67 4667 786 99 687 40 647 60 88 160 72 155 3881 65 3859 59 3800 3772 174 47 272 3598 46 3552 55
is_linear=0
shrinkage=0.03


Tree=4
num_leaves=56
num_cat=0
split_feature=47 50 4 26 22 54 50 58 26 20 11 9 62 46 56 37 52 62 53 45 18 4 38 2 5 39 62 0 37 31 50 20 1 50 62 52 22 60 51 44 0 63 15 19 0 15 26 62 26 51 24 62 63 18 54
split_gain=180.065 30.8755 25.7227 17.7409 17.6159 15.5749 12.5938 11.8209 8.37859 11.2689 7.12426 5.02558 9.32043 35.6424 9.57195 8.11305 7.72951 4.53771 4.2926 5.88167 3.64813 2.74512 2.68704 2.55664 2.54245 4.2899 2.18268 1.705 1.42307 4.80622 1.32388 1.31051 0.6679 0.643988 2.25131 0.627524 0.585579 0.379398 0.916889 2.37539 0.358062 0.329064 0.318508 0.315536 0.388198 0.277272 0.149827 0.109775 0.284836 0.10424 0.46063 0.0198888 0.0146742 0.160416 0.00851218
threshold=159.50000000000003 251.77083333333334 8.5000000000000018 55.019312312500013 -0.55000000000000038 795.43750000000011 157.75000000000003 4224.0833333333348 70.931571479166678 12.762500000000001 75388.000000000015 1.0000000180025095e-35 2470.2916666666674 32795.708333333336 6104.5000000000009 8917.0000000000018 887.50000000000011 2651.6458333333339 543.50000000000011 29458.500000000004 10.675000000000002 5.5000000000000009 7985.1250000000009 89.023667500000016 2.5000000000000004 33901.000000000007 2134.8333333333335 86925.000000000015 11148.500000000002 56.942440688635777 182.91666666666669 10.688541666666669 11.775000000000002 206.58333333333334 2088.2083333333339 586.50000000000011 0.049999999999999885 3450.5000000000005 961.50000000000011 32519.500000000004 80450.500000000015 4281.0000000000009 3476.4707555502687 -11.074999999999998 106351.50000000001 3476.4707555502687 56.191834958333338 2394.6458333333339 82.123623083333342 693.50000000000011 68.25692500000001 2947.3750000000005 8003.0000000000009 1.0750000000000004 688.52083333333337
decision_type=2 2 2 2 2 2 2 2 2 2 2 2 2 2 2 2 2 2 2 2 2 2 2 2 2 2 2 2 2 2 2 2 2 2 2 2 2 2 2 2 2 2 2 2 2 2 2 2 2 2 2 2 2 2 2
left_child=1 8 5 4 7 -3 -5 21 24 27 -4 12 15 16 -15 -8 -14 -11 19 -17 -12 -2 -20 40 25 -1 36 -10 29 32 -30 -27 -24 34 41 -32 -6 45 39 -39 -22 -13 -37 44 -44 -35 -45 49 -49 50 -48 52 -47 -54 -51
right_child=3 2 10 6 26 -7 11 -9 9 17 20 33 13 14 -16 18 -18 -19 22 -21 23 -23 28 -25 -26 31 -28 -29 30 -31 35 -33 -34 37 -36 42 -38 38 -40 -41 -42 -43 43 46 -46 51 47 48 -50 54 -52 -53 53 -55 -56
leaf_value=-2.1451989209136708 -2.1543056390688471 0.62111242629703522 -3.1775990522954922 -2.2089463134291609 -1.8299574610108624 -2.1906459879163838 -2.0428324666305704 1.5163962992708071 0.97398591428095427 -2.3053617115013143 -2.2514022829401905 -0.014702406103526185 -2.114842957046009 -2.1481639656134033 -2.1951100004916655 1.4330032107038977 1.3359297285511478 -1.874597321018608 -1.9480634911739558 -2.1113844568907219 -0.42403905048125745 -2.1548998916861408 -2.1841559800230574 -2.0784346784495948 -2.2088758853605386 -2.197434234298711 -1.7957040257263153 -2.1812294749916132 -2.1917301060691958 -2.1439145577517915 -1.4412572812633064 -2.0873742898235323 1.3526858283560372 0.010257472147652357 -0.88849143708999712 0.0068754947988941125 1.674701554633238 -2.3181205785062935 1.3047295144750115 0.60651106692145129 6.6123479639292393 0.17178249614631919 -0.80962163989397573 0.2009406161783483 0.45623755741641153 1.3407295092000004 -0.012067133803823618 1.4315136868489333 -2.1251513230518504 0.34274164342416685 0.2362728708147577 5.0996468760990021 0.5394331708566219 1.1637295132680174 1.1007295092000005
leaf_weight=23 53 23 20 37 31 83 34 22 25 55 25 22 23 60 26 23 276 20 31 20 21 21 20 24 139 53 33 20 32 37 22 21 131 31 21 24 94 21 119 37 134 110 20 23 23 2924 26 42 20 39 91 28 20 92 1556
leaf_count=23 53 23 20 37 31 83 34 22 25 55 25 22 23 60 26 23 276 20 31 20 21 21 20 24 139 53 33 20 32 37 22 21 131 31 21 24 94 21 119 37 134 110 20 23 23 2924 26 42 20 39 91 28 20 92 1556
internal_value=-2.05681e-05 -0.0146174 -0.00798849 0.00156482 -0.00619835 -0.0201602 0.00189075 -0.0163267 -0.0207498 -0.0142132 -0.00220884 0.00199847 0.00100189 -0.00330304 -0.0203136 0.00175195 0.00158475 -0.0213316 0.00198018 -0.00737819 -0.000514454 -0.0220648 0.00217023 0.000971524 -0.0240534 -0.0201442 -1.89752e-05 -0.00226164 0.00230046 -0.000175438 0.00254471 -0.0236842 0.00218398 0.00275379 0.000822992 0.00264832 0.00177458 0.00284313 0.0014568 -0.00160069 0.00239845 0.00229372 0.00270855 0.00275365 0.000139211 0.00292139 0.00281453 0.00284595 0.00149758 0.00289294 0.00194705 0.00294997 0.00295939 0.00243533 0.00296032
internal_weight=7001 686 330 6315 254 106 6061 96 356 120 224 6024 2599 385 86 2214 299 75 2180 43 204 74 2137 179 236 97 158 45 2106 188 1918 74 151 3425 153 1886 125 3272 177 58 155 132 1864 1840 43 3095 1797 1774 62 1712 117 3064 3036 112 1595
internal_count=7001 686 330 6315 254 106 6061 96 356 120 224 6024 2599 385 86 2214 299 75 2180 43 204 74 2137 179 236 97 158 45 2106 188 1918 74 151 3425 153 1886 125 3272 177 58 155 132 1864 1840 43 3095 1797 1774 62 1712 117 3064 3036 112 1595
is_linear=0
shrinkage=0.03


Tree=5
num_leaves=63
num_cat=0
split_feature=47 16 15 4 37 45 44 60 0 44 15 46 20 52 14 16 60 3 49 45 14 15 42 4 37 45 39 0 46 1 24 28 47 25 68 0 63 59 22 51 23 66 60 49 59 19 22 47 63 4 15 1 28 16 36 24 66 45 37 52 55 1
split_gain=176.738 25.4106 20.8076 11.3406 21.1251 36.5967 21.9941 10.8632 12.5704 6.50158 9.2452 5.9155 37.9643 5.95255 6.7395 5.47842 4.65269 4.3052 3.83806 3.55476 2.66388 2.28092 2.27872 2.23545 3.90265 4.78798 1.34419 1.20414 1.19195 2.94348 1.13383 1.10995 0.903855 1.28931 2.92998 0.877967 0.84428 0.705198 2.33212 0.652859 0.573868 0.530531 1.07695 0.579193 0.428646 0.399883 0.761429 0.357782 0.335224 0.565979 0.259824 0.169414 0.160766 0.132156 0.574296 0.121425 0.492998 1.08316 0.168813 0.0389899 0.0338545 0.0322366
threshold=159.50000000000003 1684.5000000000002 8135.7214535468975 5.5000000000000009 12385.500000000002 30053.500000000004 32056.500000000004 1222.5000000000002 82862.000000000015 30053.500000000004 4445.227668522889 32811.083333333336 18.745833333333337 642.50000000000011 96076.895833333343 -28.499999999999996 1610.5000000000002 53.024259593641567 79.500000000000014 30224.500000000004 94832.604166666672 3675.1405092038353 45195.083333333336 22.500000000000004 11450.500000000002 30224.500000000004 42235.500000000007 85173.500000000015 32795.708333333336 4.5750000000000002 48.345931000000007 1.8644350000000041 179.50000000000003 70.607397000000006 95494.500000000015 83319.500000000015 5878.5000000000009 2200.5000000000005 2.4000000000000017 872.50000000000011 33.862966500000006 3554.0208333333335 4672.5000000000009 173.50000000000003 1259.5000000000002 -1.1249999999999998 -0.50000000000000078 168.50000000000003 8628.5000000000018 19.500000000000004 4021.2395731393867 19.125000000000004 0.017657499999998553 -2844.4999999999995 15197.500000000002 51.132110000000004 5470.2708333333348 29823.000000000004 8738.0000000000018 716.50000000000011 21.500000000000004 -2.3249999999999997
decision_type=2 2 2 2 2 2 2 2 2 2 2 2 2 2 2 2 2 2 2 2 2 2 2 2 2 2 2 2 2 2 2 2 2 2 2 2 2 2 2 2 2 2 2 2 2 2 2 2 2 2 2 2 2 2 2 2 2 2 2 2 2 2
left_child=1 7 16 4 5 51 27 8 15 10 -9 13 -13 14 -6 31 -3 -12 -5 -19 -14 -15 44 32 25 -25 -10 -7 39 -30 -23 -1 33 34 -20 -4 -18 48 40 -26 -39 -42 43 -43 -11 46 -32 -35 53 -50 -45 -2 -37 54 -34 56 58 -58 -55 -47 -52 -56
right_child=3 2 35 18 11 6 -8 9 26 22 17 12 20 21 -16 -17 36 19 23 -21 -22 30 -24 24 28 -27 -28 -29 29 -31 45 -33 37 47 -36 52 -38 38 -40 -41 41 42 -44 50 -46 59 -48 -49 49 -51 60 -53 -54 55 61 -57 57 -59 -60 -61 -62 -63
leaf_value=-2.3954790513243078 1.3352113723676318 -2.0295840134484497 -2.1647147398775179 -1.928750207108906 -1.7050963752342927 -1.8538087460907178 1.2977339915070296 -2.0341434871047621 0.21625100427297184 -2.1145453328090777 0.63326344547558744 0.5896979340711882 -2.11998764714156 -1.9222696561430048 0.32529772136716339 -2.1716390591184291 -2.1331623562001405 -1.9641482291162249 0.13399460884489159 -1.7844513119990855 -2.060505894879145 -1.804483164661093 -1.9759494637534647 1.1219301140208966 -1.5474603252381347 -2.0689498352719413 -1.8418118496237952 -2.1145431726492032 0.35275801748904917 -2.1201411837229016 -0.20334284415057777 -2.3714568590714293 -1.9104308488672368 -0.0075801418522089704 -2.2042769698907243 6.0393165188959603 -2.1422246471929727 -2.0619997690839202 -1.2853236576408282 1.2017000652896781 1.8221279339780891 -2.2498855003910352 -2.1050138467796162 -0.004554141018372284 -2.1944323344160646 1.5817905872541895 0.21511769297572961 0.10793774757316953 0.48164810098859689 -0.42561435371229711 0.05056440004438529 0.023177703921069524 5.1885817331316666 1.8272766156589473 0.43650763071892978 1.2705076239240003 1.4534758372428869 -0.7981453675050495 1.3724173051347623 1.2037438470010693 0.53420943595242998 1.4805076239240003
leaf_weight=22 125 20 20 23 21 21 32 47 40 20 23 228 20 25 21 34 29 25 31 24 46 20 20 20 21 20 20 88 31 20 20 45 32 33 26 93 25 20 27 165 373 20 36 27 159 20 37 104 38 25 20 20 20 21 20 2777 35 20 374 912 169 131
leaf_count=22 125 20 20 23 21 21 32 47 40 20 23 228 20 25 21 34 29 25 31 24 46 20 20 20 21 20 20 88 31 20 20 45 32 33 26 93 25 20 27 165 373 20 36 27 159 20 37 104 38 25 20 20 20 21 20 2777 35 20 374 912 169 131
internal_value=-2.48531e-05 -0.0144862 -0.00567842 0.00154582 -0.000585109 -0.0080007 -0.0188802 -0.0182843 -0.0118808 -0.0215121 -0.015869 0.000961244 -0.00280517 0.00199331 -0.00904988 -0.0183383 -0.0184211 -0.00902913 0.00230388 -0.014053 -0.022829 0.0024456 -0.0248619 0.00236513 -0.000238181 -0.00890274 -0.000948419 -0.0252979 0.00121468 -0.002818 0.00266971 -0.0233383 0.00253126 0.000510046 -0.00325744 0.00139745 -0.0230129 0.00262467 0.00173819 0.00233745 0.00209292 0.00225081 0.00122381 0.0019695 -0.0259631 0.00281468 0.000315237 0.00210066 0.00280038 0.000570523 0.00242943 0.00256375 0.00244032 0.00284068 0.00199891 0.00288742 0.0023928 -0.000217786 0.00276386 0.00296427 0.0028239 0.00277962
internal_weight=7001 686 207 6315 1656 286 141 479 161 318 119 1370 294 1076 42 101 74 72 4659 49 66 1034 199 4636 277 40 60 109 237 51 1009 67 4359 194 57 133 54 4165 692 186 665 645 272 236 179 989 57 137 3473 63 216 145 113 3410 183 3227 450 55 395 932 189 151
internal_count=7001 686 207 6315 1656 286 141 479 161 318 119 1370 294 1076 42 101 74 72 4659 49 66 1034 199 4636 277 40 60 109 237 51 1009 67 4359 194 57 133 54 4165 692 186 665 645 272 236 179 989 57 137 3473 63 216 145 113 3410 183 3227 450 55 395 932 189 151
is_linear=0
shrinkage=0.03


Tree=6
num_leaves=63
num_cat=0
split_feature=47 50 16 48 4 26 39 26 33 6 16 67 59 32 45 62 37 26 57 7 16 62 7 2 17 38 64 33 62 60 37 38 54 46 54 53 60 47 28 55 16 45 60 0 70 47 1 59 1 2 47 0 60 25 21 65 62 56 16 37 14 37
split_gain=176.717 31.7992 27.7393 20.2244 14.5146 14.3848 12.8202 8.81989 10.7983 8.65014 6.27196 5.64368 4.61898 6.7763 9.12154 10.3575 9.35812 7.12699 5.04107 4.0179 3.4516 3.19449 2.99633 2.8943 2.66388 2.11521 4.15914 2.07331 1.93309 1.63879 1.40934 1.39807 4.20306 1.20933 1.04002 2.73892 1.09599 0.719489 0.609266 0.59407 7.48651 0.479186 0.419888 0.608296 1.26135 0.461958 0.392507 0.354552 0.241029 0.236331 0.190048 0.170628 0.155524 0.134876 0.129544 0.0759103 0.663448 0.135097 0.274143 0.0723519 0.089577 0.0378479
threshold=159.50000000000003 251.77083333333334 -459.49999999999994 156.50000000000003 6.5000000000000009 55.019312312500013 51123.500000000007 70.931571479166678 2.5980063071136157 5.5000000000000009 36.500000000000007 82045.000000000015 4006.0000000000005 60.647693774661853 29995.500000000004 2195.854166666667 13869.000000000002 68.479347875000016 4083.5000000000005 19.500000000000004 -2745.9999999999995 2651.6458333333339 16.500000000000004 90.17932500000002 14.275000000000002 12392.145833333334 6943.0000000000009 3.3392417051809629 2168.291666666667 1610.5000000000002 11342.000000000002 8487.7083333333339 1351.291666666667 31622.520833333339 701.72916666666686 575.50000000000011 3822.5000000000005 88.500000000000014 3.750020500000002 3.5000000000000004 -4184.9999999999991 32332.500000000004 4400.5000000000009 103566.00000000001 92218.125000000015 168.50000000000003 6.9750000000000005 1259.5000000000002 13.375000000000002 87.613430000000008 390.50000000000006 80450.500000000015 2968.5000000000005 55.338671500000011 5.9203007598433919 8125.5000000000009 2294.479166666667 3.5000000000000004 -3152.9999999999995 19247.500000000004 115187.06250000001 31731.000000000004
decision_type=2 2 2 2 2 2 2 2 2 2 2 2 2 2 2 2 2 2 2 2 2 2 2 2 2 2 2 2 2 2 2 2 2 2 2 2 2 2 2 2 2 2 2 2 2 2 2 2 2 2 2 2 2 2 2 2 2 2 2 2 2 2
left_child=1 7 9 4 19 6 20 25 21 -3 30 -4 31 14 46 16 -16 -17 41 48 -5 24 -6 29 -9 47 27 -27 -22 51 -8 32 -7 -18 35 -33 38 -11 49 40 -36 -19 45 44 -44 -41 -14 -1 -2 52 -15 -13 -37 -24 55 57 -57 58 -47 -42 -61 -59
right_child=3 2 11 5 22 12 10 8 -10 37 -12 23 13 50 15 17 33 18 -20 -21 28 -23 53 -25 -26 26 -28 -29 -30 -31 -32 34 -34 -35 39 36 -38 -39 -40 42 59 -43 43 -45 -46 54 -48 -49 -50 -51 -52 -53 -54 -55 -56 56 -58 61 -60 60 -62 -63
leaf_value=-2.0151089745235375 -2.0848321411920629 -1.9602742152880404 -2.8967306427082544 -1.7955041119205615 -2.0676077105693178 -1.913095605230074 -2.0621313494002975 -2.0561772917480736 0.10470910988460143 -1.9755597473847648 -1.9494384210663895 0.17658639981444532 -1.436162048931906 0.29833496740272847 -1.9728676101291467 -1.40488070383522 -0.66249192764188414 -2.0237557892113873 -2.0676160578433223 -1.6765064972467072 1.4632534692221459 -1.7662259971833725 1.1458237201170167 -2.0356828869115686 -2.1709754953784888 -1.4674040035093434 -1.9566275816690579 -2.0461123493040847 -1.7613509704652286 -2.0952417156571754 -1.9879582658444168 -2.1060083128827607 1.48117039520628 0.46180089728689216 -1.887983328963236 0.37747180956628534 -1.5065128100267862 -1.9119469896656898 -0.6830250804397705 -0.0095439715838814537 0.73370953241343972 -2.0815583729826428 1.1658490565801665 1.2809434060633642 -2.0288158178010587 -1.8038457066339992 1.1718190107728548 -2.1008192791057061 -1.9986680020342449 0.34978176987761894 1.334998423632938 5.8305220047035133 0.087921405432956609 0.32281557440361969 0.011595308513968235 0.45136015314066158 -0.98263191783962001 1.2323923952062801 0.24395857394464121 0.0052256138550926656 0.65269265342258609 0.035241589832073997
leaf_weight=24 20 23 22 26 25 20 27 20 34 58 24 20 20 20 28 32 24 21 20 21 110 20 20 23 46 20 40 21 26 23 22 22 50 120 20 313 31 30 30 32 211 29 30 98 26 20 182 131 27 29 426 131 22 48 27 193 20 3705 38 20 20 20
leaf_count=24 20 23 22 26 25 20 27 20 34 58 24 20 20 20 28 32 24 21 20 21 110 20 20 23 46 20 40 21 26 23 22 22 50 120 20 313 31 30 30 32 211 29 30 98 26 20 182 131 27 29 426 131 22 48 27 193 20 3705 38 20 20 20
internal_value=1.71403e-05 -0.0144425 -0.00771584 0.00158857 -0.0089013 0.00186364 -0.00541046 -0.0206655 -0.0139634 -0.019928 -0.0158413 -0.00150616 0.00215303 0.00019846 -0.00228733 -0.00585553 -0.00134224 -0.013428 -0.0187874 -0.0194273 -0.000684762 -0.0196167 -0.00116004 9.13243e-05 -0.022829 -0.0240534 -0.0199014 -0.0129927 0.00121234 0.00143021 -0.0219959 0.00251306 -0.00166904 0.00172797 0.00257312 0.00118094 0.00172195 -0.0242111 0.00215428 0.00271132 0.00132792 -0.0238922 0.00279965 0.00122648 -0.00122995 0.00285862 0.00253835 -0.0261896 -0.0243312 0.00249657 0.0028581 0.00258107 0.00272158 0.00207048 0.00288733 0.00290158 0.00228062 0.00293569 0.00139415 0.00274791 0.00142145 0.00295885
internal_weight=7001 686 330 6315 161 6154 235 356 120 111 73 219 5919 922 476 274 172 102 70 68 162 86 93 197 66 236 81 41 136 174 49 4997 70 144 4927 447 425 88 394 4480 271 50 4209 154 56 4055 202 155 47 364 446 151 335 68 4023 3996 213 3783 58 251 40 3725
internal_count=7001 686 330 6315 161 6154 235 356 120 111 73 219 5919 922 476 274 172 102 70 68 162 86 93 197 66 236 81 41 136 174 49 4997 70 144 4927 447 425 88 394 4480 271 50 4209 154 56 4055 202 155 47 364 446 151 335 68 4023 3996 213 3783 58 251 40 3725
is_linear=0
shrinkage=0.03


Tree=7
num_leaves=63
num_cat=0
split_feature=47 50 16 48 26 22 58 56 26 20 6 22 62 67 18 60 62 46 56 54 38 50 36 29 5 39 53 62 66 66 37 2 20 30 50 47 15 62 47 55 16 39 25 27 19 36 53 38 14 38 60 11 46 66 1 26 65 47 45 43 60 54
split_gain=176.843 31.3523 27.3268 20.7994 13.7526 14.5071 10.721 10.2903 8.81989 12.0795 8.65014 6.57682 4.53771 4.53061 4.0809 4.0692 4.49905 14.5716 12.1685 8.34941 4.69028 3.77172 3.40271 3.12033 2.54245 4.2899 1.79199 3.00372 6.55158 1.64558 1.50004 1.39762 1.31051 1.29629 0.797199 2.87943 0.794903 2.97352 0.719489 0.651729 7.89001 0.637893 0.509504 0.411906 0.344615 1.33315 0.333684 0.286918 0.449422 0.261699 0.183318 0.170234 0.148273 0.144723 0.239646 0.112704 0.61902 0.0426269 0.130819 0.0373817 0.0362599 0.0326388
threshold=159.50000000000003 251.77083333333334 -459.49999999999994 156.50000000000003 55.019312312500013 -0.55000000000000038 4224.0833333333348 6.5000000000000009 70.931571479166678 12.762500000000001 5.5000000000000009 -0.94999999999999973 2651.6458333333339 82045.000000000015 10.675000000000002 2200.5000000000005 2536.7500000000005 32834.916666666672 6104.5000000000009 902.64583333333337 8487.7083333333339 182.91666666666669 14235.500000000002 61.956945356185976 2.5000000000000004 33901.000000000007 665.50000000000011 2076.916666666667 3208.1458333333339 6066.916666666667 9482.0000000000018 89.19094800000002 10.688541666666669 55.859149217410199 212.83333333333334 230.50000000000003 3476.4707555502687 1701.6250000000002 88.500000000000014 3.5000000000000004 -4184.9999999999991 51668.000000000007 55.605611000000003 19.555095422042932 -11.074999999999998 19921.500000000004 472.50000000000006 8487.7083333333339 79636.208333333358 9226.1666666666679 1796.5000000000002 78476.000000000015 33904.437500000007 7400.041666666667 6.9750000000000005 85.91733172916669 1293.5000000000002 172.50000000000003 32477.500000000004 25626.000000000004 2263.0000000000005 615.87500000000011
decision_type=2 2 2 2 2 2 2 2 2 2 2 2 2 2 2 2 2 2 2 2 2 2 2 2 2 2 2 2 2 2 2 2 2 2 2 2 2 2 2 2 2 2 2 2 2 2 2 2 2 2 2 2 2 2 2 2 2 2 2 2 2 2
left_child=1 8 10 7 5 6 23 -2 24 33 -3 -9 -11 -4 -15 36 20 19 -19 -18 -17 -22 42 -5 25 -1 27 -23 -29 41 -28 51 -27 -10 35 -32 37 -6 -12 40 -38 -7 -13 49 45 -41 -46 48 -48 -36 -42 -16 57 55 -55 59 -57 58 -49 -51 -61 -59
right_child=3 2 13 4 15 29 -8 11 9 12 38 22 -14 14 31 16 17 18 -20 -21 21 26 -24 -25 -26 32 30 28 -30 -31 34 -33 -34 -35 43 -37 39 -39 -40 44 50 -43 -44 -45 46 -47 47 52 -50 53 -52 -53 -54 54 -56 56 -58 61 -60 60 -62 -63
leaf_value=-1.9536266127746567 -1.9548117283525448 -1.9014659888293985 -2.8098287234270063 -1.931720396589224 0.97254747527650742 3.4278918634291511 1.390949672910275 -1.8831544297092029 1.2909666450295227 -2.1081952691881081 -1.9162929549632217 -1.5711984440387945 -1.7132392172678714 -2.0390895255917951 0.17128880782001171 -1.8583040074350377 -2.1379955321530546 -1.9920628100735851 -1.9510232526577946 1.2372538050987854 -2.0768112951835955 0.89606603340574109 -1.9673355582563354 -1.9864258109577355 -2.0188981364620271 -2.0048315980522706 -1.9429368431741956 1.1027345170650598 -2.1171508677087707 -1.7228298048655499 0.16035938417141218 -1.8985971484403887 -1.9034122713626596 -1.9944919729956314 0.82643239507289157 -0.71430534161087089 -1.8255581989362972 -0.11767821631160148 -1.8545885799757191 -0.81492856300601535 0.65798871401874526 -1.6627803626972744 0.78242572648841269 -0.27497213239407869 0.087901166242667972 0.97913698480635913 1.4367352833500917 0.037727843289785595 -1.5783772096374269 0.010074668205025677 0.21004208320642012 6.3782555177200289 0.019911596826342391 -0.14907471389226365 1.3034445671826553 -1.9353504027565691 0.73078853665777954 0.6260757116622877 0.0088970079223106256 1.0454206233500916 1.1176233208322131 1.2328225937381461
leaf_weight=23 25 23 22 22 63 99 22 27 25 55 58 21 20 28 20 29 21 35 36 216 22 63 37 42 139 53 27 30 26 30 72 20 21 20 29 20 22 20 30 20 246 20 51 32 25 68 31 44 20 20 20 129 25 20 28 20 85 22 20 21 1055 3366
leaf_count=23 25 23 22 22 63 99 22 27 25 55 58 21 20 28 20 29 21 35 36 216 22 63 37 42 139 53 27 30 26 30 72 20 21 20 29 20 22 20 30 20 246 20 51 32 25 68 31 44 20 20 20 129 25 20 28 20 85 22 20 21 1055 3366
internal_value=-2.05681e-05 -0.0144862 -0.00780672 0.00155057 0.00182951 -0.00528286 -0.0150871 -0.00908752 -0.0206655 -0.0139634 -0.019928 -0.00579721 -0.0213316 -0.00164309 -0.000182648 0.00211248 0.000969011 -0.00234664 -0.0142616 0.00121468 0.00160966 0.00183237 -0.00247479 -0.0212949 -0.0240534 -0.0201442 0.00200956 -0.00151133 -0.00657754 0.000362173 0.00230495 0.00156121 -0.0236842 -0.00159645 0.00244134 -0.000228013 0.00265522 -0.000216606 -0.0242111 0.00271665 0.00132246 0.00196474 0.00128988 0.0026311 0.00282607 0.00091941 0.00287242 0.00289703 0.000587084 0.00271575 0.00276212 0.00257545 0.00293003 0.0027812 0.00106029 0.00284739 0.00182683 0.0029469 0.00201248 0.00294225 0.00296905 0.00296361
internal_weight=7001 686 330 6315 6154 235 86 161 356 120 111 136 75 219 197 5919 1907 308 71 237 1599 1570 109 64 236 97 1548 119 56 149 1429 169 74 45 1402 92 4012 83 88 3929 288 119 72 1310 3641 88 3553 3528 51 1278 266 149 3477 1249 48 1201 105 3452 64 1096 1076 3388
internal_count=7001 686 330 6315 6154 235 86 161 356 120 111 136 75 219 197 5919 1907 308 71 237 1599 1570 109 64 236 97 1548 119 56 149 1429 169 74 45 1402 92 4012 83 88 3929 288 119 72 1310 3641 88 3553 3528 51 1278 266 149 3477 1249 48 1201 105 3452 64 1096 1076 3388
is_linear=0
shrinkage=0.03


end of trees

feature_importances:
Column_62=27
Column_16=23
Column_60=20
Column_26=19
Column_47=19
Column_50=19
Column_37=15
Column_1=14
Column_54=14
Column_4=13
Column_45=13
Column_0=12
Column_46=12
Column_20=11
Column_48=11
Column_59=11
Column_15=10
Column_38=10
Column_49=10
Column_19=9
Column_58=9
Column_66=9
Column_22=8
Column_39=8
Column_56=8
Column_2=7
Column_53=7
Column_3=6
Column_14=6
Column_52=6
Column_63=6
Column_11=5
Column_18=5
Column_27=5
Column_32=5
Column_42=5
Column_44=5
Column_55=5
Column_65=5
Column_6=4
Column_12=4
Column_24=4
Column_51=4
Column_57=4
Column_64=4
Column_67=4
Column_5=3
Column_7=3
Column_23=3
Column_25=3
Column_28=3
Column_33=3
Column_36=3
Column_21=2
Column_30=2
Column_31=2
Column_40=2
Column_43=2
Column_61=2
Column_70=2
Column_9=1
Column_10=1
Column_17=1
Column_29=1
Column_34=1
Column_35=1
Column_68=1
Column_69=1

parameters:
[boosting: gbdt]
[objective: quantile]
[metric: quantile]
[tree_learner: serial]
[device_type: cpu]
[data_sample_strategy: bagging]
[data: ]
[valid: ]
[num_iterations: 1500]
[learning_rate: 0.03]
[num_leaves: 63]
[num_threads: 24]
[seed: 42]
[deterministic: 0]
[force_col_wise: 0]
[force_row_wise: 0]
[histogram_pool_size: -1]
[max_depth: -1]
[min_data_in_leaf: 20]
[min_sum_hessian_in_leaf: 0.001]
[bagging_fraction: 0.8]
[pos_bagging_fraction: 1]
[neg_bagging_fraction: 1]
[bagging_freq: 0]
[bagging_seed: 400]
[bagging_by_query: 0]
[feature_fraction: 0.8]
[feature_fraction_bynode: 1]
[feature_fraction_seed: 30056]
[extra_trees: 0]
[extra_seed: 12879]
[early_stopping_round: 0]
[early_stopping_min_delta: 0]
[first_metric_only: 0]
[max_delta_step: 0]
[lambda_l1: 0.1]
[lambda_l2: 0.1]
[linear_lambda: 0]
[min_gain_to_split: 0]
[drop_rate: 0.1]
[max_drop: 50]
[skip_drop: 0.5]
[xgboost_dart_mode: 0]
[uniform_drop: 0]
[drop_seed: 17869]
[top_rate: 0.2]
[other_rate: 0.1]
[min_data_per_group: 100]
[max_cat_threshold: 32]
[cat_l2: 10]
[cat_smooth: 10]
[max_cat_to_onehot: 4]
[top_k: 20]
[monotone_constraints: ]
[monotone_constraints_method: basic]
[monotone_penalty: 0]
[feature_contri: ]
[forcedsplits_filename: ]
[refit_decay_rate: 0.9]
[cegb_tradeoff: 1]
[cegb_penalty_split: 0]
[cegb_penalty_feature_lazy: ]
[cegb_penalty_feature_coupled: ]
[path_smooth: 0]
[interaction_constraints: ]
[verbosity: -1]
[saved_feature_importance_type: 0]
[use_quantized_grad: 0]
[num_grad_quant_bins: 4]
[quant_train_renew_leaf: 0]
[stochastic_rounding: 1]
[linear_tree: 0]
[max_bin: 255]
[max_bin_by_feature: ]
[min_data_in_bin: 3]
[bin_construct_sample_cnt: 200000]
[data_random_seed: 175]
[is_enable_sparse: 1]
[enable_bundle: 1]
[use_missing: 1]
[zero_as_missing: 0]
[feature_pre_filter: 1]
[pre_partition: 0]
[two_round: 0]
[header: 0]
[label_column: ]
[weight_column: ]
[group_column: ]
[ignore_column: ]
[categorical_feature: ]
[forcedbins_filename: ]
[precise_float_parser: 0]
[parser_config_file: ]
[objective_seed: 16083]
[num_class: 1]
[is_unbalance: 0]
[scale_pos_weight: 1]
[sigmoid: 1]
[boost_from_average: 1]
[reg_sqrt: 0]
[alpha: 0.1]
[fair_c: 1]
[poisson_max_delta_step: 0.7]
[tweedie_variance_power: 1.5]
[lambdarank_truncation_level: 30]
[lambdarank_norm: 1]
[label_gain: ]
[lambdarank_position_bias_regularization: 0]
[eval_at: ]
[multi_error_top_k: 1]
[auc_mu_weights: ]
[num_machines: 1]
[local_listen_port: 12400]
[time_out: 120]
[machine_list_filename: ]
[machines: ]
[gpu_platform_id: -1]
[gpu_device_id: -1]
[gpu_use_dp: 0]
[num_gpu: 1]

end of parameters

pandas_categorical:null
