tree
version=v4
num_class=1
num_tree_per_iteration=1
label_index=0
max_feature_idx=70
objective=quantile
feature_names=Column_0 Column_1 Column_2 Column_3 Column_4 Column_5 Column_6 Column_7 Column_8 Column_9 Column_10 Column_11 Column_12 Column_13 Column_14 Column_15 Column_16 Column_17 Column_18 Column_19 Column_20 Column_21 Column_22 Column_23 Column_24 Column_25 Column_26 Column_27 Column_28 Column_29 Column_30 Column_31 Column_32 Column_33 Column_34 Column_35 Column_36 Column_37 Column_38 Column_39 Column_40 Column_41 Column_42 Column_43 Column_44 Column_45 Column_46 Column_47 Column_48 Column_49 Column_50 Column_51 Column_52 Column_53 Column_54 Column_55 Column_56 Column_57 Column_58 Column_59 Column_60 Column_61 Column_62 Column_63 Column_64 Column_65 Column_66 Column_67 Column_68 Column_69 Column_70
feature_infos=[66131:160560] [-20:34.149999999999999] [25.719044:100] [36.971664299722725:71.559848645091535] [0:23] [0:6] [1:10] [1:31] [0:1] [0:1] [0:0.99270887409805397] [66131:160560] [66131:160560] [66131:160560] [72233.041666666672:137142.20833333334] [2057.6408592873181:22024.617595875727] [-9183:8446] [-20:34.149999999999999] [-20:34.149999999999999] [-20:34.149999999999999] [-16.568749999999998:29.675000000000001] [0.52945401875049547:7.951298487978419] [-5.8000000000000007:5.5499999999999972] [25.719044:100] [25.719044:100] [25.719044:100] [45.313373250000005:95.04641233333335] [0.97911827352794878:23.426507825749582] [-30.049300000000002:30.860949999999995] [36.971664299722725:71.559848645091535] [36.971664299722725:71.559848645091535] [36.971664299722725:71.559848645091535] [45.760024263258238:67.819212344444352] [0.67909628204517791:7.5954539582083802] [-8.6935655667746659:7.6341842441526993] [6201:33428] [6201:33428] [6201:33428] [7216.916666666667:32362.625] [18440:75926] [18440:75926] [18440:75926] [24497.5:64836.833333333336] [25199:33959] [25199:33959] [26474:33959] [25316:33930.166666666664] [43:6933] [43:6933] [43:6933] [83.541666666666671:5366.375] [366:3539] [366:3539] [366:3539] [431.45833333333331:2835.4583333333335] [0:12186] [0:12186] [0:12186] [281.875:5366.791666666667] [85:6739] [85:6739] [85:6739] [718.33333333333337:3117.0833333333335] [29:9938] [29:9938] [29:9938] [157.125:8964.4166666666661] [68553:162721] [68553:162721] [68553:162721] [74746.875:140862.16666666666]
tree_sizes=5043 5398 5387 5392 5405 5444 5413 5398 5401 5443 5402 5424 5410 5415

Tree=0
num_leaves=63
num_cat=0
split_feature=54 60 23 15 40 27 42 23 38 54 49 21 36 58 44 49 62 54 59 33 40 7 61 24 59 7 44 45 47 24 48 23 20 45 60 15 38 21 16 70 15 10 62 31 34 66 0 50 28 18 58 33 28 36 32 54 19 10 35 59 12 57
split_gain=109.517 48.6711 31.7675 22.3988 30.9377 13.9138 12.2372 10.5813 7.86804 7.20648 9.56002 7.18174 7.11084 6.55511 6.27512 5.52283 4.21112 5.12979 5.3519 4.03875 2.81261 2.74185 6.21226 3.39744 2.69572 2.68107 5.27881 7.01416 2.59491 2.63392 2.37539 2.33003 2.05557 1.88355 1.8279 3.55006 3.3521 3.40644 1.70463 1.63766 1.05339 2.91838 6.21218 1.5544 0.823452 0.910189 0.768186 0.720514 0.526663 0.491688 0.487809 0.371523 0.366223 0.361126 1.16536 0.214827 0.512179 0.200494 0.908108 0.162628 0.156542 0.071831
threshold=2038.5833333333337 1008.5000000000001 75.730885000000015 13313.457647144118 42706.500000000007 6.4081742279932294 63422.895833333336 84.432390000000012 15227.854166666668 1610.541666666667 161.50000000000003 1.8120814103916507 17440.500000000004 3721.4791666666674 29181.000000000004 217.50000000000003 1925.4791666666667 1732.229166666667 686.50000000000011 2.3462357202195379 49028.500000000007 4.5000000000000009 736.50000000000011 78.449890000000025 131.50000000000003 14.500000000000002 29343.000000000004 28385.000000000004 594.50000000000011 82.379243000000017 314.50000000000006 79.073075000000003 7.6145833333333348 33079.000000000007 3153.5000000000005 14908.001870506474 21663.875000000004 3.4378955583045738 1404.5000000000002 111767.16666666667 7798.4979537829977 0.87900005428953576 2458.2083333333335 64.107749000292415 -1.0679036254009444 991.79166666666686 107660.00000000001 1768.8333333333337 4.3071095000000001 22.925000000000001 2068.041666666667 4.2908401835402064 1.3655325000000007 24986.000000000004 62.996187150500297 1558.8958333333337 20.475000000000005 0.56392291514228221 21528.500000000004 180.50000000000003 79923.000000000015 13.500000000000002
decision_type=2 2 2 2 2 2 2 2 2 2 2 2 2 2 2 2 2 2 2 2 2 2 2 2 2 2 2 2 2 2 2 2 2 2 2 2 2 2 2 2 2 2 2 2 2 2 2 2 2 2 2 2 2 2 2 2 2 2 2 2 2 2
left_child=3 2 13 9 8 -4 15 33 -5 24 -11 -12 19 49 -7 -3 -9 30 -19 -10 -20 22 -13 59 -1 32 27 -27 44 -30 -18 -21 -25 47 35 48 -37 -38 -28 -14 -26 50 43 60 45 -16 -31 57 -17 -2 -42 55 -33 54 -36 -52 -57 61 -59 -23 -43 -6
right_child=1 6 5 4 7 14 -8 16 12 10 11 21 39 -15 28 34 17 18 20 31 -22 23 -24 25 40 26 38 -29 29 46 -32 52 -34 -35 53 36 37 -39 -40 -41 41 42 -44 -45 -46 -47 -48 -49 -50 -51 51 -53 -54 -55 -56 56 -58 58 -60 -61 -62 -63
leaf_value=2236.8999996995926 2219.2359994506837 2244.4539989185332 2215.9899999999998 2213.1999993562699 2218.5579994893073 2222.715999879837 2236.5429998505115 2217.4059989786147 2236.8069989335536 2243.9409993612767 2236.4409999334812 2236.4679980015753 2220.2499998497965 2236.5219968199731 2244.6999993205072 2217.0339996194839 2234.0199984693527 2236.4499991846083 2236.8519963264466 2232.6039998340607 2220.453999862671 2219.3169998347757 2212.7199976825714 2227.8159999728205 2200.8489976274968 2224.4379987812044 2216.0859996223448 2235.0099998998644 2228.5599994993208 2237.7759993648529 2216.5119995880127 2243.9499989628794 2216.4939996337889 2241.639996509552 2206.3419994592668 2231.4489965617659 2219.9499997496605 2236.9359968471526 2224.9179996466637 2241.015999543667 2231.6079992747309 2219.5629988992214 2229.8949998748303 2228.664999924898 2246.9199987411498 2245.8549998033045 2259.4599998283388 2226.7509984385965 2223.7149997961519 2224.3779989671707 2205.8139979600905 2226.8799947214125 2244.2619999456406 2215.7199999999998 2224.5609997689726 2222.3949988448621 2210.5719999098778 2216.0559997296332 2225.2449996602536 2213.6889996802806 2214.5319938588141 2208.73
leaf_weight=22 65 28 20 26 43 29 20 35 22 20 32 23 22 27 20 77 21 39 25 30 25 22 37 20 3318 25 67 21 21 25 37 51 129 21 43 20 36 20 39 23 27 20 26 22 177 26 25 38 20 20 714 21 20 115 20 20 43 64 20 448 82 381
leaf_count=22 65 28 20 26 43 29 20 35 22 20 32 23 22 27 20 77 21 39 25 30 25 22 37 20 3318 25 67 21 21 25 37 51 129 21 43 20 36 20 39 23 27 20 26 22 177 26 25 38 20 20 714 21 20 115 20 20 43 64 20 448 82 381
internal_value=2221 2221.01 2221.02 2221 2221 2221.02 2221 2221 2221.01 2221 2221 2221 2221.02 2221 2221.02 2221 2221.01 2221.01 2221.01 2221.02 2221.01 2221 2221.01 2221 2221 2221 2221 2221.01 2221.02 2221.02 2221 2221.02 2221 2221 2221 2221 2221.01 2221 2221 2221.01 2221 2221 2221 2221 2221.03 2221.02 2221.02 2221 2221 2221 2221 2221 2221.03 2221 2221 2221 2221 2221 2221 2221 2221 2221
internal_weight=6995 854 455 6141 943 343 399 749 194 5198 883 863 168 112 323 379 182 147 89 123 50 831 60 771 4315 301 152 46 294 71 58 101 149 567 351 173 76 56 106 45 4293 975 150 124 223 46 50 546 97 85 825 798 71 178 63 777 63 508 84 470 102 424
internal_count=6995 854 455 6141 943 343 399 749 194 5198 883 863 168 112 323 379 182 147 89 123 50 831 60 771 4315 301 152 46 294 71 58 101 149 567 351 173 76 56 106 45 4293 975 150 124 223 46 50 546 97 85 825 798 71 178 63 777 63 508 84 470 102 424
is_linear=0
shrinkage=1


Tree=1
num_leaves=63
num_cat=0
split_feature=54 60 20 15 40 42 58 18 53 38 54 49 21 36 44 49 25 52 33 53 51 58 25 46 42 54 24 59 25 61 27 17 61 48 32 45 16 15 52 58 50 62 10 5 54 10 35 48 26 63 50 59 24 1 26 36 49 57 16 15 22 12
split_gain=104.87 46.5232 29.5414 22.0651 31.1226 12.3185 12.0963 12.3162 8.38471 7.86804 7.17283 8.21579 7.1457 7.11084 6.02927 5.59193 5.48432 5.43415 4.03875 3.96014 3.62549 3.14303 2.93758 4.22396 7.79451 4.73716 4.24528 2.6921 2.13203 1.60831 2.67244 1.54683 1.48715 1.50492 1.37487 1.32201 1.15529 1.11254 3.07966 2.06558 1.00529 0.939821 3.30105 0.938076 0.88086 0.802746 2.3083 0.73206 0.686703 0.524812 0.392848 0.344766 0.56982 0.309995 0.302538 0.956055 0.206133 0.187058 0.170628 0.150782 0.144634 0.107871
threshold=2038.5833333333337 1008.5000000000001 18.798958333333335 13313.457647144118 42706.500000000007 63422.895833333336 3183.8750000000005 21.475000000000005 702.50000000000011 15227.854166666668 1610.541666666667 161.50000000000003 1.8120814103916507 17440.500000000004 29241.500000000004 217.50000000000003 84.378948000000022 2352.5000000000005 2.3462357202195379 1591.5000000000002 1418.5000000000002 4122.5625000000009 81.526085000000009 29331.187500000004 38571.395833333336 1880.0000000000002 91.356087500000015 131.50000000000003 73.254585000000006 1761.0000000000002 13.515331074537103 22.825000000000006 994.50000000000011 648.50000000000011 63.342817965007917 33028.000000000007 -1885.4999999999998 7798.4979537829977 681.50000000000011 2025.3125000000002 1323.666666666667 2564.3333333333335 0.74305326206722599 1.0000000180025095e-35 1880.0000000000002 0.56392291514228221 22271.500000000004 187.50000000000003 60.361508041666674 3000.5000000000005 987.87500000000011 2832.5000000000005 69.05732500000002 25.825000000000006 78.403375604166683 15994.500000000002 84.500000000000014 16.500000000000004 3678.0000000000005 17751.219545686952 2.024999999999999 106800.50000000001
decision_type=2 2 2 2 2 2 2 2 2 2 2 2 2 2 2 2 2 2 2 2 2 2 2 2 2 2 2 2 2 2 2 2 2 2 2 2 2 2 2 2 2 2 2 2 2 2 2 2 2 2 2 2 2 2 2 2 2 2 2 2 2 2
left_child=3 2 49 10 9 15 7 14 -6 -5 27 -12 -13 18 -4 -3 35 32 -11 20 -18 -22 47 24 26 -26 44 -1 -20 30 -17 -15 57 -34 -32 45 -30 -29 -39 -40 53 50 -43 -31 -24 -10 -47 -14 -25 -2 56 52 61 -21 60 -56 -41 -8 -50 -53 -49 -45
right_child=1 5 6 4 8 -7 17 -9 16 13 11 12 22 31 -16 29 19 -19 28 40 21 -23 23 48 25 -27 -28 37 36 43 34 -33 33 -35 -36 -37 -38 38 39 41 -42 42 -44 51 -46 46 -48 54 58 -51 -52 59 -54 -55 55 -57 -58 -59 -60 -61 -62 -63
leaf_value=15.422999708604811 6.587600848032479 22.750378950977328 1.412519837665559 -7.5660006244182609 14.257499850654607 15.076709854996206 26.513399806737901 -5.4297003433227475 -11.002340973473554 15.332788965547088 22.252769380438327 14.977769935476781 3.0324592953443514 0.0087113365201840591 10.760999529719347 -1.3850050756988481 1.0048190204858993 12.212399273014055 7.7415000311136186 -4.5405000892639098 16.519499874973302 20.020796614265439 -2.9989806483936836 3.4074591701745973 16.519324696706743 10.560959992003445 10.485279977949135 -19.546472301328183 11.980839702017771 3.454169654309744 8.5095286161303463 19.601519959330552 37.126199211215969 15.829199955797188 19.278067872231961 2.1824398498535129 22.674947997755485 7.1740498220086142 11.048759763550752 -1.3399718491615977 6.3434399335384342 -12.774422899961468 8.2381496640086151 -3.05594564188099 10.985333830596 -6.3489453050851177 7.5843439377951576 -6.7755001928043219 -4.5995099950432721 -3.9970801766395607 0.20345071895034331 -5.8719126844364382 4.894505240408372 1.4241977874670064 3.638459890437125 -6.0374779751815746 -14.02242103028297 24.445379947192603 -0.27654089992046466 -2.4402542933006663 -4.3766704710602742 -2.4426009849071444
leaf_weight=22 28 28 30 26 28 20 20 41 418 22 20 32 26 25 50 43 39 31 23 54 20 21 86 26 20 20 22 3318 20 30 22 20 31 24 20 29 58 37 20 38 20 70 26 20 20 76 24 353 131 46 20 148 20 20 25 57 764 154 20 20 25 28
leaf_count=22 28 28 30 26 28 20 20 41 418 22 20 32 26 25 50 43 39 31 23 54 20 21 86 26 20 20 22 3318 20 30 22 20 31 24 20 29 58 37 20 38 20 70 26 20 20 76 24 353 131 46 20 148 20 20 25 57 764 154 20 20 25 28
internal_value=-3.17372e-05 0.00981735 0.0163744 -0.00140203 0.00281836 0.00233024 0.0197428 0.0118415 4.00473e-05 0.013524 -0.00216829 0.000292152 -0.000145986 0.0159012 0.0186891 0.00110789 -0.000582444 0.0234025 0.0196426 0.0040494 0.00895131 0.0151825 -0.000685839 0.00142567 0.00483641 0.016384 0.00119438 -0.00267248 0.0221958 6.83559e-05 0.00366627 0.00558758 0.0250109 0.020363 0.00904988 -0.00206178 0.0246223 -0.0027267 -0.00182751 -0.00216502 -9.56436e-05 -0.00237556 0.000405827 -0.00107103 -0.00127239 -0.00241459 0 -0.00219091 -0.0017956 -0.000931175 -0.00270405 -0.00171538 4.40521e-05 -0.00174089 -0.0024712 -0.000767358 -0.00280888 0.0264503 -0.00258107 -0.00244497 -0.00283258 -0.00168399
internal_weight=6995 854 455 6141 943 399 381 121 749 194 5198 883 863 168 80 379 721 260 123 174 80 41 831 345 168 40 128 4315 101 351 85 45 229 55 42 547 78 4293 975 938 94 918 96 266 106 518 100 486 177 74 822 236 68 74 460 82 802 174 151 168 378 48
internal_count=6995 854 455 6141 943 399 381 121 749 194 5198 883 863 168 80 379 721 260 123 174 80 41 831 345 168 40 128 4315 101 351 85 45 229 55 42 547 78 4293 975 938 94 918 96 266 106 518 100 486 177 74 822 236 68 74 460 82 802 174 151 168 378 48
is_linear=0
shrinkage=0.03


Tree=2
num_leaves=63
num_cat=0
split_feature=54 60 23 54 52 27 42 32 49 58 20 10 58 44 5 5 23 49 47 21 62 32 48 24 21 20 58 18 26 35 18 12 38 47 29 27 64 2 20 21 20 60 3 62 66 27 26 47 11 66 14 41 57 66 62 1 29 62 6 45 12 16
split_gain=101.596 44.8519 28.5323 20.105 24.4218 12.8325 12.4002 8.73783 7.51981 6.55511 5.5704 7.23742 11.6277 5.34378 5.2888 5.20613 5.1461 4.76635 4.28199 3.71634 4.03625 6.59016 3.4501 5.92609 3.16016 2.97717 2.67255 3.5228 2.53224 2.19637 2.79083 2.13014 6.19062 1.86505 3.00308 1.84813 1.72806 1.53475 3.12609 1.45659 1.96151 2.65456 1.44581 1.31166 3.94727 1.141 0.791824 0.689168 0.606317 0.594348 0.515983 0.513313 0.497452 1.6792 0.386854 0.359204 0.35491 0.0819178 0.672166 0.0790226 0.038148 0.0376012
threshold=2038.5833333333337 1008.5000000000001 75.730885000000015 1639.479166666667 1623.5000000000002 6.4081742279932294 63422.895833333336 57.167328492007861 215.50000000000003 3721.4791666666674 20.379166666666674 0.56392291514228221 4487.479166666667 29181.000000000004 4.5000000000000009 5.5000000000000009 80.144115000000014 217.50000000000003 336.50000000000006 4.1332786374701707 2349.0000000000005 63.77420220995122 207.50000000000003 86.416165000000021 1.6918656585015472 23.128125000000001 2515.4375000000005 21.075000000000006 74.895455708333344 25608.000000000004 20.575000000000006 87458.000000000015 14975.708333333336 855.50000000000011 59.460342664267003 15.735081539835301 3573.0000000000005 68.170009500000006 26.335416666666671 3.0788573973207378 25.167708333333341 2787.5000000000005 57.403012617621194 1387.5208333333337 1354.9375000000002 12.690316311053662 81.609745500000017 2634.5000000000005 136141.00000000003 3160.6875000000005 95041.562500000015 47620.500000000007 19.500000000000004 991.79166666666686 2735.0208333333335 14.275000000000002 61.093732408019356 2564.3333333333335 5.5000000000000009 32669.500000000004 89633.500000000015 -5027.9999999999991
decision_type=2 2 2 2 2 2 2 2 2 2 2 2 2 2 2 2 2 2 2 2 2 2 2 2 2 2 2 2 2 2 2 2 2 2 2 2 2 2 2 2 2 2 2 2 2 2 2 2 2 2 2 2 2 2 2 2 2 2 2 2 2 2
left_child=3 2 9 10 7 -4 17 28 14 51 47 31 26 -7 25 19 -14 -3 52 20 35 -22 23 -6 -24 -9 27 -13 -5 30 -20 32 -12 34 -19 50 46 61 43 -35 49 -42 -18 44 -39 -46 -28 54 -43 -41 -10 -2 53 -15 57 -56 -47 -1 -59 -45 -33 -26
right_child=1 6 5 4 22 13 -8 8 15 -11 11 12 16 18 -16 -17 42 33 29 -21 21 -23 24 -25 37 -27 36 -29 -30 -31 -32 60 -34 39 -36 -37 -38 38 -40 40 41 48 -44 59 45 56 -48 -49 -50 -51 -52 -53 -54 -55 55 -57 -58 58 -60 -61 -62 -63
leaf_value=-18.440632868594829 -2.768542950453762 22.067867582448006 -5.0573280254409605 -4.7519822918905232 -4.8516312838590672 1.6221442883119608 14.624408559346316 19.9381855844847 2.6283461054327595 14.478066917035212 -7.6611029107418549 16.371082995905567 5.8249725979621809 23.266991731465815 11.675296140308021 21.886982836415115 18.307891398619802 -3.9996415729085562 10.108183496982122 14.271997021013947 2.0211935849926492 19.152561386578295 14.915435327507616 11.350641190695992 -1.981166004307519 21.412564378451918 -8.8052871848559278 -4.2309104816621366 5.7606023424383332 35.12441302316379 20.563254235991252 -0.63316847171409507 9.0015052039525614 -5.2435912615230951 9.11224422821223 7.4916542752390667 8.2970054187058171 7.623620050485461 6.6636823239191205 -6.419342871025628 16.059105457744902 2.1536552797186923 7.60125154731357 -5.4863758512745875 10.379129486954003 -4.6651294565599057 0.62325154397407001 2.3150357871404488 -3.914393152260236 2.5494549700552898 -2.6241027462575981 0.56998997446846289 23.8180374827812 24.694997997786995 -16.356075773374915 4.6820039917706202 2.1442998161842843 -26.12108101262319 3.4430048479317383 -4.3417132040680526 -16.400043473855728 -9.7306482255885367
leaf_weight=3507 55 28 20 76 29 29 20 23 20 27 97 29 26 21 23 26 20 25 20 38 35 29 20 20 20 44 161 20 28 39 33 20 36 145 24 33 20 20 39 71 24 20 21 185 21 93 34 22 22 20 73 30 148 33 20 20 20 137 20 37 547 432
leaf_count=3507 55 28 20 76 29 29 20 23 20 27 97 29 26 21 23 26 20 25 20 38 35 29 20 20 20 44 161 20 28 39 33 20 36 145 24 33 20 20 39 71 24 20 21 185 21 93 34 22 22 20 73 30 148 33 20 20 20 137 20 37 547 432
internal_value=-8.74905e-05 0.0096066 0.0160448 -0.00143623 0.00174482 0.0203381 0.00225507 0.00750502 0.00980819 0.00286351 -0.00236236 -0.000407333 0.00324373 0.0217827 0.0172808 0.00714286 0.0143964 0.00102875 0.0230024 0.00566857 0.00392951 0.0100624 -0.00100951 0.00672098 -0.00144065 0.0215499 0.000397576 0.00672098 -8.6456e-05 0.0174919 0.0133333 -0.00213827 0.00126221 6.83559e-05 0.00549898 0.00078509 -0.00103208 -0.00171607 -0.000390268 -0.00080437 0.00118396 0.00512859 0.0210219 -0.00123637 0.000876054 -0.000961969 -0.00190672 -0.0029025 0.000498812 -0.00164654 -0.00135338 -0.00119859 0.0254874 0.0224584 -0.00293432 0 -0.00217507 -0.00296635 -0.00221515 -0.00271499 -0.00294128 -0.00292634
internal_weight=6995 854 455 6141 1384 343 399 448 344 112 4757 1031 331 323 90 254 67 379 294 228 190 64 936 49 887 67 264 49 104 92 53 700 133 351 49 126 215 867 415 302 157 66 41 376 154 134 195 3726 42 91 93 85 202 54 3704 40 113 3664 157 222 567 452
internal_count=6995 854 455 6141 1384 343 399 448 344 112 4757 1031 331 323 90 254 67 379 294 228 190 64 936 49 887 67 264 49 104 92 53 700 133 351 49 126 215 867 415 302 157 66 41 376 154 134 195 3726 42 91 93 85 202 54 3704 40 113 3664 157 222 567 452
is_linear=0
shrinkage=0.03


Tree=3
num_leaves=63
num_cat=0
split_feature=54 23 48 15 48 27 36 27 70 54 49 13 62 44 46 52 57 23 20 30 27 19 37 32 68 62 27 58 59 2 16 20 19 4 23 15 58 23 62 15 52 58 62 16 57 13 52 50 59 44 5 47 60 2 61 16 22 16 43 49 1 52
split_gain=97.1936 44.2042 30.6032 18.6529 21.7509 13.2526 9.60289 7.38781 6.77234 6.46776 8.33305 5.77761 5.70324 5.43636 4.90188 4.83162 4.28506 3.75361 3.53662 3.16711 3.15144 3.11332 3.05151 5.10799 4.65322 5.44953 6.76177 4.70697 2.68488 2.56248 2.42524 2.38132 3.32114 3.52527 2.06494 1.69084 1.53731 1.44517 1.42484 1.2356 3.03482 2.0376 1.08077 2.09855 0.89556 1.21344 0.770674 0.71104 0.646819 0.617575 0.606802 0.520324 1.43656 0.425436 0.368012 0.311729 0.308213 0.231063 0.22862 0.206067 0.17262 0.14744
threshold=2038.5833333333337 75.730885000000015 1253.5000000000002 13313.457647144118 229.50000000000003 6.4081742279932294 18411.000000000004 17.25695120230171 133964.58333333334 1610.541666666667 161.50000000000003 109234.50000000001 2109.5833333333335 29181.000000000004 32557.458333333339 1108.5000000000002 10844.500000000002 85.886405000000011 23.802083333333339 66.909935417343391 15.014305558071449 -8.3749999999999982 14497.000000000002 55.016279057842588 90925.500000000015 945.20833333333337 11.13909038489618 3734.4166666666674 131.50000000000003 82.559007500000021 3335.0000000000005 25.775000000000002 19.125000000000004 9.5000000000000018 65.275535000000005 16614.824960320864 2422.5000000000005 80.144115000000014 2536.7500000000005 7798.4979537829977 681.50000000000011 2025.3125000000002 2554.9583333333339 2621.5000000000005 19.500000000000004 100148.50000000001 1212.5000000000002 987.87500000000011 180.50000000000003 25411.500000000004 1.0000000180025095e-35 336.50000000000006 635.50000000000011 79.754282500000016 163.50000000000003 1694.0000000000002 -0.62499999999999989 -4258.4999999999991 32271.000000000004 84.500000000000014 21.875000000000004 2197.5000000000005
decision_type=2 2 2 2 2 2 2 2 2 2 2 2 2 2 2 2 2 2 2 2 2 2 2 2 2 2 2 2 2 2 2 2 2 2 2 2 2 2 2 2 2 2 2 2 2 2 2 2 2 2 2 2 2 2 2 2 2 2 2 2 2 2
left_child=3 7 5 9 6 -3 12 16 17 28 -11 -9 15 -7 19 -5 30 44 -17 37 38 -12 23 60 25 -25 -27 53 -1 -8 50 32 -14 -34 -32 56 -26 -15 58 -30 -41 -42 47 55 45 -6 -46 59 -24 -50 -2 54 -53 -28 -39 -44 -4 -51 -19 -43 -23 -52
right_child=1 2 35 4 8 13 29 11 -10 10 21 -13 31 14 -16 18 -18 20 -20 -21 -22 22 48 24 36 26 27 -29 39 -31 34 -33 33 -35 -36 -37 -38 51 -40 40 41 42 43 -45 46 -47 -48 -49 49 57 61 52 -54 -55 -56 -57 -58 -59 -60 -61 -62 -63
leaf_value=14.469177227469499 1.3023360800058801 -4.8192387586518155 0.82385942290167746 7.573794086255651 10.023054214440092 1.6994799467879966 -2.444726219519473 18.497152420465302 13.326452576612603 20.99774199077995 14.119973829800919 0.39467611159264832 17.70073217117136 20.574727836505794 23.236742107217314 7.7228040868288348 11.211876107353596 -2.3276016421212669 -1.6382654906762162 18.127217387386015 13.894304441626263 -6.0068970892692954 2.7734133674261554 -4.1356012411533722 3.4257625269962659 -0.31701070943296711 12.665959220922913 10.837621277717846 -18.406859146230484 12.742187279634503 1.8737226760844852 24.336756246588862 1.0242984808309861 18.138896989664033 14.152676266087887 11.928529795823161 -5.2200172169568111 8.8256126229442007 3.9058956281162858 6.7521060825833876 10.425143181301321 -1.574616146402972 -9.8674110811708733 7.0209779607635587 2.6308405914530799 -4.5805675639977661 -11.141025675258938 0.32014494077569894 1.5800551210428342 -1.4905951234404484 -1.0041116330304749 17.998683158106278 35.048681444999389 15.178218886356898 23.84449643483013 0.71847402065595101 -6.0084216375888611 -5.6849049639951428 0.32324616388390698 -13.246529410455604 -1.3925142889709285 -5.9620946334885367
leaf_weight=22 37 22 20 20 20 32 54 20 25 20 21 29 22 25 26 25 22 44 37 34 36 142 29 34 23 24 21 27 3318 39 39 26 20 25 21 22 69 24 24 37 20 38 55 23 29 33 440 20 22 35 61 22 28 20 152 20 53 376 24 762 20 165
leaf_count=22 37 22 20 20 20 32 54 20 25 20 21 29 22 25 26 25 22 44 37 34 36 142 29 34 23 24 21 27 3318 39 39 26 20 25 21 22 69 24 24 37 20 38 55 23 29 33 440 20 22 35 61 22 28 20 152 20 53 376 24 762 20 165
internal_value=-0.00015611 0.00932561 0.0156423 -0.00147531 0.00240483 0.0195892 0.00963446 0.00194113 -0.000462154 -0.00217984 0.000156267 0.012831 0.013775 0.0210376 0.0222565 0.00792935 0.000382497 -0.00105676 0.00371981 0.0234023 0.0035363 -0.00028502 -0.000573567 0.00141279 0.00441541 0.00816019 0.0119544 0.0167841 -0.00265857 0.00180451 -0.000482823 0.0188829 0.0157377 0.0109091 0.00494176 0.00044164 -0.00068404 0.0245878 0.000553745 -0.00271273 -0.00176597 -0.00210106 -0.00231021 0.000642201 -0.00218924 0.00146893 -0.00260925 -0.00266675 -0.00221381 -0.0025075 -0.00173318 0.0253826 0.0220958 0.0232117 0.0262862 -0.00175766 -0.00172367 -0.00277305 -0.00162996 -0.0028084 -0.0026095 -0.00232198
internal_weight=6995 854 460 6141 943 365 268 394 675 5198 883 49 175 343 311 82 345 650 62 285 128 863 842 380 218 126 92 68 4315 93 323 93 67 45 60 95 92 251 92 4293 975 938 918 98 522 53 469 820 462 433 263 226 50 41 176 75 73 411 68 800 162 226
internal_count=6995 854 460 6141 943 365 268 394 675 5198 883 49 175 343 311 82 345 650 62 285 128 863 842 380 218 126 92 68 4315 93 323 93 67 45 60 95 92 251 92 4293 975 938 918 98 522 53 469 820 462 433 263 226 50 41 176 75 73 411 68 800 162 226
is_linear=0
shrinkage=0.03


Tree=4
num_leaves=63
num_cat=0
split_feature=54 23 47 15 40 58 44 23 27 38 54 36 13 51 51 41 21 54 57 27 57 60 45 23 6 43 19 59 56 19 4 24 26 45 58 58 46 59 59 5 15 52 58 62 59 28 36 50 50 62 63 40 62 24 13 52 51 2 1 28 31 19
split_gain=95.4808 43.855 27.4176 18.747 29.3067 8.1568 7.90116 7.83994 7.49208 6.76343 6.16004 5.88154 5.77761 5.53455 5.25993 7.65638 4.85809 7.38851 4.67466 4.01917 3.47508 3.28933 2.97278 2.78126 3.05038 13.377 3.93348 2.68488 2.36572 2.09089 2.06721 2.57888 1.83053 1.66792 1.59595 3.28305 1.58317 1.53846 1.25149 1.88761 1.2356 3.03482 2.0376 1.08077 2.04283 0.833639 0.78551 0.71104 0.700624 0.653946 0.588638 1.45816 0.529499 0.371693 0.736099 0.316562 0.165211 0.221479 0.138483 0.12561 0.1518 0.216412
threshold=2038.5833333333337 75.730885000000015 729.50000000000011 13313.457647144118 41676.000000000007 4265.5416666666679 29181.000000000004 84.643112000000016 17.25695120230171 15227.854166666668 1610.541666666667 17889.000000000004 109234.50000000001 1493.5000000000002 1418.5000000000002 45373.500000000007 2.3436348861963445 1756.4166666666667 34.500000000000007 7.2229676460896046 10844.500000000002 1130.5000000000002 33001.500000000007 72.246400000000008 8.5000000000000018 29213.500000000004 11.925000000000002 131.50000000000003 10092.500000000002 23.475000000000005 9.5000000000000018 81.798932000000022 82.123623083333342 33079.000000000007 3241.791666666667 2550.4791666666674 32820.916666666679 498.50000000000006 819.50000000000011 2.5000000000000004 7798.4979537829977 681.50000000000011 2025.3125000000002 2554.9583333333339 1670.5000000000002 -3.4003949999999992 15105.500000000002 987.87500000000011 1768.8333333333337 2651.6458333333339 684.50000000000011 57941.000000000007 1460.1250000000002 78.449890000000025 88665.500000000015 1200.5000000000002 2541.5000000000005 71.773583000000016 22.275000000000002 -5.2909599999999974 64.922757160391541 24.625000000000004
decision_type=2 2 2 2 2 2 2 2 2 2 2 2 2 2 2 2 2 2 2 2 2 2 2 2 2 2 2 2 2 2 2 2 2 2 2 2 2 2 2 2 2 2 2 2 2 2 2 2 2 2 2 2 2 2 2 2 2 2 2 2 2 2
left_child=3 8 6 10 9 18 -3 33 20 -5 27 30 -10 -8 29 37 17 -12 19 -4 28 -21 52 53 36 26 -26 -1 50 -9 31 -11 -17 46 35 -15 49 -16 -36 -40 -29 -42 -43 47 -45 -32 -6 -44 55 -25 51 -2 -19 -18 -55 -48 -57 -58 -20 -52 -61 -62
right_child=1 2 5 4 7 -7 13 14 12 11 16 -13 -14 34 15 32 23 22 58 21 -22 -23 -24 24 25 -27 -28 40 -30 -31 45 -33 -34 -35 38 -37 -38 -39 39 -41 41 42 43 44 -46 -47 48 -49 -50 -51 59 -53 -54 54 -56 56 57 -59 -60 60 61 -63
leaf_value=14.035101910645412 -5.3223246783683402 1.6664955526758922 -5.7216097505213765 -6.8008714937230046 3.5764052884408839 31.066520332541984 7.9322041915648454 -2.3657737044375198 17.942237847851342 17.012569444495455 20.162108840123938 3.9114034404668447 0.38283582824486984 9.0871857318372005 14.701476301152432 7.3187296078983293 -7.0727715214019167 2.2893865271165663 -0.42389652950002543 13.291802589833736 10.875519824132994 9.9603348795777098 13.672374609184844 -4.2594576286964099 10.590493304214872 14.602516600849563 -3.1785911286356279 -17.854653371843568 11.906774762609526 13.052407728136506 21.056958767327909 11.32373866002594 -1.8615131837964118 18.834737638087542 23.334152249833654 7.9997421972370377 3.4829487671402677 13.368404429801934 27.530368635309287 23.364843616088166 6.5495429001058865 10.112388885862281 -11.996287731359885 7.1638320939736984 -11.824534156251184 20.619410963614826 0.078189049676565078 0.31054059255242905 4.887563191281906 2.5625913257079671 -0.82408716706610974 5.1034344609586952 -7.3294579094491512 4.4568909843881137 -5.8891394569326181 -10.949917530430401 -7.9006819391482574 0.31404517121950143 -2.3242094109840261 -4.2524513913371074 0.52397768988386428 -7.4052723730646903
leaf_weight=22 43 31 20 21 23 20 20 70 20 22 22 24 29 30 20 37 345 28 20 35 22 20 29 155 23 27 94 3318 37 21 20 28 26 22 147 24 28 22 21 20 37 20 800 34 64 41 39 20 38 31 20 36 47 20 34 425 24 20 52 144 20 23
leaf_count=22 43 31 20 21 23 20 20 70 20 22 22 24 29 30 20 37 345 28 20 35 22 20 29 155 23 27 94 3318 37 21 20 28 26 22 147 24 28 22 21 20 37 20 800 34 64 41 39 20 38 31 20 36 47 20 34 425 24 20 52 144 20 23
internal_value=-0.000177554 0.00922023 0.0155118 -0.00148508 0.00240483 0.00578097 0.021044 4.57368e-05 0.00186501 0.0142793 -0.00219138 0.0167432 0.012831 0.0227432 0.00524732 0.00981922 8.83245e-05 0.00554322 0.00330387 0.0085486 0.000295566 0.0127405 0.00216138 -0.000816273 0.00109746 0.00447606 5.12375e-05 -0.00265857 -0.000482823 -7.14471e-10 0.019658 0.0149102 0.00313788 -0.00167484 0.0240025 0.0191312 -0.00116301 0.0197387 0.0253748 0.020292 -0.00271273 -0.00176597 -0.00210106 -0.00231021 0.000642201 0.0234697 -0.00199262 -0.00266675 -0.00222487 -0.00217625 -0.00141559 0.000758533 -0.000958722 -0.00254072 -0.000166359 -0.00252116 -0.00273716 -0.000884354 -0.00212205 -0.00225978 -0.00250134 -0.000835268
internal_weight=6995 854 460 6141 943 167 293 787 394 156 5198 135 49 262 196 105 883 126 147 75 345 55 104 757 358 144 117 4315 323 91 111 50 63 591 242 54 214 42 188 41 4293 975 938 918 98 61 569 820 546 186 286 79 75 399 54 508 469 44 72 207 187 43
internal_count=6995 854 460 6141 943 167 293 787 394 156 5198 135 49 262 196 105 883 126 147 75 345 55 104 757 358 144 117 4315 323 91 111 50 63 591 242 54 214 42 188 41 4293 975 938 918 98 61 569 820 546 186 286 79 75 399 54 508 469 44 72 207 187 43
is_linear=0
shrinkage=0.03


Tree=5
num_leaves=63
num_cat=0
split_feature=15 23 33 51 60 6 43 14 47 14 36 60 60 23 44 16 20 19 47 33 65 36 27 15 46 55 27 44 24 7 5 68 44 14 68 45 43 59 20 45 57 46 22 36 51 24 25 22 20 4 51 66 16 65 65 0 24 51 1 64 34 16
split_gain=61.2254 55.2744 30.8479 25.5442 37.3905 13.5407 12.3155 11.5413 10.9129 10.9573 5.82477 5.80686 5.39688 8.90211 5.10966 5.19615 4.22967 3.54109 3.14776 4.79447 2.78661 2.63342 2.60498 2.44805 2.43114 3.84663 1.98353 1.77112 5.0259 1.74202 4.62241 1.65018 1.48055 1.43901 4.10188 4.71572 2.80071 0.983708 3.36185 0.803751 0.793373 0.662909 0.60424 0.534159 0.518598 1.18323 0.489222 1.17634 0.357464 0.369175 0.340584 0.334659 0.309692 0.235226 0.234436 0.216412 0.185024 0.684163 0.846293 0.339225 0.178567 0.153293
threshold=9903.0133157319342 75.857867000000013 3.2889370146346351 1405.5000000000002 1464.5000000000002 7.5000000000000009 31226.500000000004 129611.10416666667 881.50000000000011 108474.95833333336 29432.500000000004 140.50000000000003 221.50000000000003 89.355252000000021 32806.500000000007 3263.5000000000005 21.294791666666672 21.275000000000002 3195.0000000000005 2.0926839072192673 1039.5000000000002 26092.500000000004 13.386948708581016 13802.913836316633 29211.729166666672 4698.0000000000009 14.344070517590625 25529.500000000004 79.961490000000012 22.500000000000004 1.5000000000000002 95641.000000000015 32305.500000000004 110561.43750000001 132007.50000000003 32381.500000000004 32140.000000000004 348.50000000000006 20.171875000000004 32252.500000000004 16.500000000000004 32335.666666666668 0.72500000000000109 24986.000000000004 2059.5000000000005 83.974107000000018 82.812487000000019 1.2250000000000008 22.780208333333338 7.5000000000000009 1930.5000000000002 2794.9375000000005 4550.5000000000009 344.50000000000006 515.00000000000011 84921.000000000015 92.050195000000016 1565.5000000000002 9.6750000000000025 1149.5000000000002 0.75098306796542158 -4122.4999999999991
decision_type=2 2 2 2 2 2 2 2 2 2 2 2 2 2 2 2 2 2 2 2 2 2 2 2 2 2 2 2 2 2 2 2 2 2 2 2 2 2 2 2 2 2 2 2 2 2 2 2 2 2 2 2 2 2 2 2 2 2 2 2 2 2
left_child=12 7 3 14 5 8 16 11 9 -5 -9 -2 13 20 29 23 17 -7 27 -20 -1 40 32 55 25 -13 51 28 -14 52 -31 -4 -10 46 35 -35 -37 38 54 -8 41 -11 -32 -36 48 -46 -26 61 53 -50 -22 -6 60 -39 -29 -16 -55 59 -59 -58 -3 -48
right_child=1 2 31 4 26 6 39 10 22 21 -12 24 18 -15 15 -17 -18 -19 19 -21 50 -23 -24 -25 33 -27 -28 37 -30 30 42 -33 -34 34 43 36 -38 44 -40 -41 -42 -43 -44 -45 45 -47 47 -49 49 -51 -52 -53 -54 56 -56 -57 57 58 -60 -61 -62 -63
leaf_value=4.1259125544551125 10.382400726749099 -5.7615764932034006 18.717349885950611 0.17496849015283697 -4.2471385588360278 14.480655172464601 -4.5319535522327641 13.352302849022285 -0.96701815256197732 33.20719598737179 7.4934324810495143 8.2991745493336353 -3.1464708007773599 10.127766636868204 -3.2808158833967793 12.008569644679882 5.5521295466108711 7.6251883655268919 -3.9539446450564526 13.634201814512815 -5.0426907421077152 17.861686168557892 17.124578683387305 15.069692337900234 -11.27279217796938 -3.323887852925739 8.9540335529066493 2.4539842218644816 10.36727851751713 20.14465694726572 -0.60019522378426782 22.261757238767792 12.57166277871652 -7.2908287970802528 1.0697901504530607 14.662557431077254 6.8533684713821588 -7.4379431620117442 7.4535634897442336 6.8183589942312466 22.795875686859951 21.17093855591618 0.53237278780567654 -7.1337283401949492 -3.4014612237948545 4.2883419461855397 -1.4987327081309756 4.5372170825195832 -9.8966301761269495 1.0383763063109162 2.5567758912961907 0.61266566174330594 -0.45624975675138635 -14.958011398184981 -4.7164143989766947 0.63262368022399307 -3.1886572878820396 2.3220459914083942 -6.2713710301573009 -17.481862972328656 -2.0255464954060214 -4.417263606352301
leaf_weight=34 38 187 75 21 135 43 48 22 21 21 20 26 62 28 23 20 30 23 35 20 100 24 32 20 702 36 23 26 20 22 51 32 27 50 26 24 38 35 22 34 139 21 26 213 85 20 36 20 21 20 21 33 22 3470 115 20 24 20 20 286 20 67
leaf_count=34 38 187 75 21 135 43 48 22 21 21 20 26 62 28 23 20 30 23 35 20 100 24 32 20 702 36 23 26 20 22 51 32 27 50 26 24 38 35 22 34 139 21 26 213 85 20 36 20 21 20 21 33 22 3470 115 20 24 20 20 286 20 67
internal_value=-0.000216152 0.00353391 0.00821222 0.00669275 0.0102829 0.014718 0.00810219 -0.000698734 0.0185528 0.0219328 0.0147506 -0.00121072 -0.00231685 0.00271982 0.000788129 0.00743682 0.0153902 0.019652 -0.00253191 0.0045735 -7.73702e-05 0.0240468 0.00895131 0.00313788 -0.00156773 0.0042029 -0.000941916 -0.00262476 0.00171742 -0.000886925 0.0024218 0.0235854 0.00442827 -0.00187484 -0.000256338 0.00446922 0.01 -0.00271103 -0.00040466 -0.00040195 0.025312 0.0211639 -0.00101167 -0.00248432 -0.00280423 -0.000685063 -0.00255969 -0.000779854 -0.00286055 -7.13515e-10 -0.00222956 -0.00208804 -0.00233086 -0.0028902 -0.00212615 -0.000835268 -0.00291275 -0.00221937 0.00142145 -0.00269913 -0.00269435 -0.00209505
internal_weight=6995 2511 1193 1086 675 484 178 1318 306 226 42 1276 4484 183 411 83 96 66 4301 55 155 205 80 63 1238 62 191 4246 82 328 99 107 48 1176 351 112 62 4164 163 82 181 42 77 239 4001 105 825 123 3896 41 121 168 229 3855 141 43 3820 350 40 310 207 103
internal_count=6995 2511 1193 1086 675 484 178 1318 306 226 42 1276 4484 183 411 83 96 66 4301 55 155 205 80 63 1238 62 191 4246 82 328 99 107 48 1176 351 112 62 4164 163 82 181 42 77 239 4001 105 825 123 3896 41 121 168 229 3855 141 43 3820 350 40 310 207 103
is_linear=0
shrinkage=0.03


Tree=6
num_leaves=63
num_cat=0
split_feature=54 48 26 42 54 52 60 58 25 10 32 33 27 13 7 66 21 6 23 33 16 54 21 41 42 48 41 26 45 2 59 58 12 47 16 68 16 60 60 50 54 0 63 21 37 47 18 53 25 33 46 66 23 60 62 2 37 14 45 70 46 12
split_gain=84.2233 49.7188 15.8831 15.3482 12.8156 16.5574 11.2964 7.66188 10.0132 6.65048 6.24886 8.70219 6.11273 6.05038 5.31743 5.31141 4.0282 3.43638 6.36562 11.8812 4.10635 3.40053 3.35981 3.15296 4.04397 2.6868 3.55051 2.30162 2.17138 2.139 1.95022 1.60849 1.4845 1.3933 1.38389 2.57743 1.33324 1.21455 0.997324 2.02299 0.973905 0.942739 0.913542 0.875478 0.815958 0.691624 0.638549 0.63301 1.53689 0.564359 0.40871 0.376255 0.979555 0.315698 0.281457 0.467718 0.250321 0.421405 0.200462 0.178076 0.143987 0.142467
threshold=1938.6875000000002 265.50000000000006 67.716896875000018 60900.000000000007 1639.479166666667 1623.5000000000002 2738.5000000000005 3225.5416666666674 78.88113300000002 0.74305326206722599 57.167328492007861 3.0780641313775208 16.680632828717552 108286.50000000001 26.500000000000004 2770.541666666667 2.3645627782259453 5.5000000000000009 80.513742000000008 3.5707460636425297 2523.5000000000005 2038.5833333333337 1.8950849465155017 37504.500000000007 46576.020833333336 220.50000000000003 38380.500000000007 76.443908104166681 32732.500000000004 85.886405000000011 131.50000000000003 4224.0833333333348 88790.000000000015 239.50000000000003 -5487.4999999999991 117958.50000000001 -6234.9999999999991 199.50000000000003 870.50000000000011 910.75000000000011 1880.0000000000002 83678.500000000015 150.50000000000003 3.8564052446041646 13246.500000000002 2634.5000000000005 15.525000000000002 1541.5000000000002 61.848307500000011 4.3630404087122736 25457.625000000004 3067.8958333333339 63.936090500000013 185.50000000000003 2735.0208333333335 73.009477500000017 27948.500000000004 117215.54166666667 29190.500000000004 122592.43750000001 32510.562500000004 103013.00000000001
decision_type=2 2 2 2 2 2 2 2 2 2 2 2 2 2 2 2 2 2 2 2 2 2 2 2 2 2 2 2 2 2 2 2 2 2 2 2 2 2 2 2 2 2 2 2 2 2 2 2 2 2 2 2 2 2 2 2 2 2 2 2 2 2
left_child=4 2 41 9 17 10 31 8 44 12 27 14 34 -14 16 21 -12 45 30 20 37 -11 -7 -22 -25 26 -18 -6 33 -23 -19 -5 -13 60 35 -3 -24 -20 39 40 53 -2 -36 61 -4 54 -39 48 -44 58 -40 56 -53 -38 -1 -56 -49 -58 -32 -60 -9 -27
right_child=1 3 7 6 5 22 -8 28 -10 15 11 32 13 -15 -16 -17 25 18 19 -21 23 29 36 24 -26 43 -28 -29 -30 -31 49 -33 -34 -35 42 -37 38 46 50 -41 -42 -43 47 -45 -46 -47 -48 51 -50 -51 -52 52 -54 -55 55 -57 57 -59 59 -61 -62 -63
leaf_value=-16.938470375539524 -1.6749492614248029 13.510257111413598 8.0313857624818148 11.727411435200116 -4.214537633095528 12.838177269982292 -0.13121801971847219 21.82893577000106 -2.0900633505064161 2.4371100637105938 15.812485100955817 19.880251441028914 18.416212450264663 1.4072028600987985 14.074207189291499 -2.5705310555632379 -0.0013517867890805312 13.339800859562002 9.5749666868788328 7.1450303778153641 -1.1629787466797565 19.710346536550869 8.6279808430303131 16.237150284067891 0.22057646836234046 -7.3993510885686815 9.3591291597010571 5.0885500105902848 24.579051087330932 7.6826392774969197 -5.9100789630478632 30.808496162441696 14.618827788143241 18.4589345204304 4.4138956696158687 -1.4842183536251241 2.3531549754014431 14.617601567763232 0.70958551891049026 5.7100576539746957 7.9070467753706826 17.785756319041369 7.114096235731326 6.4701159932915191 6.2841124895637011 2.8137268863443841 -5.4413143814805727 -4.138988858241766 -2.5004802900648007 4.7194992718906166 -6.4454564647214658 -3.5621645332956273 2.4487230362076127 -4.4099647748844708 -14.310807792699469 4.2116592890118456 2.6538851887211057 -2.0053471365769919 -12.140646200673014 -10.200177483282914 24.105812248530217 -0.54415536634969397
leaf_weight=3300 25 22 23 24 78 32 31 110 31 20 31 22 25 27 38 33 35 22 28 36 30 27 20 28 32 57 33 20 29 22 36 38 20 34 23 28 22 20 20 30 33 20 22 24 20 22 210 235 50 24 474 49 36 157 34 20 20 27 895 20 21 20
leaf_count=3300 25 22 23 24 78 32 31 110 31 20 31 22 25 27 38 33 35 22 28 36 30 27 20 28 32 57 33 20 29 22 36 38 20 34 23 28 22 20 20 30 33 20 22 24 20 22 210 235 50 24 474 49 36 157 34 20 20 27 895 20 21 20
internal_value=-0.000301926 0.00743494 0.017496 0.0032802 -0.00170283 0.00111397 0.0146939 0.0202648 0.0119433 0.00167993 0.00627612 0.00855766 0.000398865 0.0101919 0.00631247 0.00872674 0.00433283 -0.0023939 -0.00112954 0.00214788 0.000439528 0.0134588 -0.00135897 0.00596004 0.00993344 0.00248374 0.00709251 -0.000214068 0.0234158 0.0177189 -0.00239495 0.0220773 0.0211639 0.024785 -0.000591682 0.00413174 -0.00176564 -0.00147617 -0.00197663 -0.00038414 -0.00142857 0.000931263 -0.00111015 -0.000593473 0.0212993 -0.00291016 -0.00220339 -0.00142109 0.00112344 -0.00259666 -0.00275046 -0.00192863 -0.000141011 -0.00231156 -0.00294535 -0.000720888 -0.00245658 -0.000382166 -0.00271265 -0.00279969 0.02627 -0.00217899
internal_weight=6995 1072 313 759 5923 1166 93 268 74 666 378 280 564 52 238 102 200 4757 1381 384 348 69 788 90 60 169 68 98 194 49 997 62 42 165 512 50 756 258 736 242 212 45 462 101 43 3376 230 439 72 975 494 367 85 179 3354 54 282 47 951 915 131 77
internal_count=6995 1072 313 759 5923 1166 93 268 74 666 378 280 564 52 238 102 200 4757 1381 384 348 69 788 90 60 169 68 98 194 49 997 62 42 165 512 50 756 258 736 242 212 45 462 101 43 3376 230 439 72 975 494 367 85 179 3354 54 282 47 951 915 131 77
is_linear=0
shrinkage=0.03


Tree=7
num_leaves=63
num_cat=0
split_feature=54 48 26 20 20 60 33 23 53 51 7 60 62 44 54 52 45 43 46 53 13 62 20 62 25 27 38 38 27 54 7 37 47 54 33 20 48 3 57 52 12 66 44 44 19 22 15 62 2 54 56 63 1 45 7 12 47 2 15 2 3 25
split_gain=82.6388 49.3258 15.699 15.6197 13.2434 12.902 11.7489 10.981 9.66947 8.3454 8.2588 7.33742 10.1788 6.11579 5.84338 5.50422 6.29836 7.11797 5.70255 6.30118 5.29719 5.29086 4.63701 3.93013 2.75022 2.60402 4.44869 4.26961 2.36184 2.27894 12.5089 1.85553 1.78425 2.01908 1.76854 1.15337 1.0774 1.87666 1.02904 1.24097 0.942739 0.847118 0.688196 0.627962 0.719815 0.572426 0.56131 0.547288 1.13602 0.407315 0.618919 0.369098 0.798211 0.295673 0.286141 0.803458 0.191337 0.16006 0.149439 0.598327 0.139324 0.137786
threshold=1938.6875000000002 265.50000000000006 67.716896875000018 27.490625000000005 20.934375000000003 1670.5000000000002 3.5707460636425297 75.245998000000014 2105.5000000000005 1399.5000000000002 29.500000000000004 1030.5000000000002 2154.0000000000005 29181.000000000004 1469.4375000000002 1637.5000000000002 31683.000000000004 31043.500000000004 32039.854166666672 1856.5000000000002 88933.000000000015 2529.6250000000005 -13.637500000000001 2593.166666666667 80.527862000000013 9.6049910925424768 13206.91666666667 15248.854166666668 16.308047289794079 1639.479166666667 7.5000000000000009 19588.500000000004 239.50000000000003 2057.2500000000005 2.2341970984871753 26.283333333333335 1914.5000000000002 66.514243533064715 9588.5000000000018 2030.5000000000002 84120.500000000015 3552.2291666666674 25411.500000000004 32884.000000000007 8.6750000000000025 1.4750000000000016 17898.79818210041 2721.0416666666674 77.494405000000015 2279.5416666666674 5220.5000000000009 369.00000000000006 22.475000000000005 33028.000000000007 21.500000000000004 87300.000000000015 2634.5000000000005 67.815885000000009 10746.024810590814 71.773583000000016 66.514243533064715 71.173035000000013
decision_type=2 2 2 2 2 2 2 2 2 2 2 2 2 2 2 2 2 2 2 2 2 2 2 2 2 2 2 2 2 2 2 2 2 2 2 2 2 2 2 2 2 2 2 2 2 2 2 2 2 2 2 2 2 2 2 2 2 2 2 2 2 2
left_child=4 2 40 11 22 6 10 -8 46 -4 14 12 25 -11 41 16 23 -18 28 20 -20 -14 -1 57 -9 60 45 -28 -19 47 -31 -22 33 -15 -34 -17 37 38 39 -13 -2 54 -32 44 -44 -27 -5 51 -49 -41 -51 52 -24 -7 -6 -56 58 -16 -53 -60 -3 -35
right_child=1 3 9 8 5 53 7 24 -10 13 -12 36 21 32 15 35 17 18 19 -21 31 -23 29 -25 -26 26 27 -29 -30 30 42 -33 34 61 -36 -37 -38 -39 -40 49 -42 -43 43 -45 -46 -47 -48 48 -50 50 -52 56 -54 -55 55 -57 -58 -59 59 -61 -62 -63
leaf_value=12.483032001950727 -3.9426736436598864 -2.6981257200643221 4.7834484046117751 16.523550791272562 -10.079813311008516 -12.515468635661987 -3.5508075311047977 5.6427120302709648 3.0434584975374932 9.3299914491214349 16.548457172217045 3.0030745534531236 16.558935645520929 14.341859657721995 -3.0662311124703123 -5.7592612570028718 17.964523382158241 -5.1620282844604324 6.0777139209126627 -11.091144278726748 12.667989374654107 12.837939209323466 8.2347416346162792 4.8891379598282958 17.571348635067078 -1.7583168327630654 9.6954357352943763 0.26760192555285811 3.5966286670422205 9.9526519587592013 0.81818775953423517 6.2180030230357053 17.589992722736699 9.3636192101735638 25.433075214817958 4.6257432632348952 -4.085386216507251 8.2613250318603715 2.6731725766688714 -5.2464132163537265 17.252183629470125 6.0650062110883347 0.35869922847202496 1.7876902716219043 -4.8643442440185805 1.8982211476264628 31.189704892593081 -13.899483563210019 7.4695249747973049 2.5428727800633379 -2.8303894042808073 -16.083974178175218 -16.613490500490972 0.70489711238870567 2.0598220912713407 -0.70763153800103928 -0.048120840946967287 -4.8201984164187825 -19.718840810717879 2.0667988029892377 -0.68636648760785512 21.232967469549543
leaf_weight=24 25 53 20 22 209 572 31 20 28 27 29 20 39 22 20 120 32 63 36 26 36 23 20 23 37 39 37 27 24 38 26 25 31 20 20 25 150 23 37 125 20 22 20 31 395 25 32 40 20 20 39 3600 42 27 20 66 20 91 73 20 20 128
leaf_count=24 25 53 20 22 209 572 31 20 28 27 29 20 39 22 20 120 32 63 36 26 36 23 20 23 37 39 37 27 24 38 26 25 31 20 20 25 150 23 37 125 20 22 20 31 395 25 32 40 20 20 39 3600 42 27 20 66 20 91 73 20 20 128
internal_value=-0.000284771 0.00737898 0.0174002 0.00324068 -0.00167244 0.000704587 0.0028709 0.0133144 0.0156029 0.0201529 0.00180602 0.00173682 0.00565564 0.0216566 0.00125641 0.00321243 0.00512895 0.00801735 0.00598286 0.0101381 0.013656 0.0162802 -0.0025186 -6.71148e-05 0.0211208 0.00235704 0.00494145 0.0105304 6.88856e-05 -0.00259189 -0.000699863 0.0190507 0.0233107 0.0248501 0.0180822 -0.00173673 -0.000746197 0.000397576 -0.00037329 -0.00121999 0.000931263 -0.00194891 -0.00203982 -0.00232011 -0.00263069 -0.000608425 0.0230129 -0.00284269 0 -0.00200435 0 -0.00288787 -0.000531402 -0.00274412 -0.00237886 -0.000871081 -0.0029264 -0.00243024 -0.00294224 -0.00167562 -0.00213406 0.0261512
internal_weight=6995 1072 313 759 5923 1554 955 88 82 268 867 677 263 248 838 521 376 242 210 123 97 62 4369 134 57 201 128 64 87 4345 510 61 221 170 51 145 414 264 241 204 45 317 472 446 415 64 54 3835 60 184 59 3775 62 599 295 86 3713 111 3693 93 73 148
internal_count=6995 1072 313 759 5923 1554 955 88 82 268 867 677 263 248 838 521 376 242 210 123 97 62 4369 134 57 201 128 64 87 4345 510 61 221 170 51 145 414 264 241 204 45 317 472 446 415 64 54 3835 60 184 59 3775 62 599 295 86 3713 111 3693 93 73 148
is_linear=0
shrinkage=0.03


Tree=8
num_leaves=63
num_cat=0
split_feature=54 23 48 54 52 27 44 50 51 48 16 51 27 13 20 40 70 7 20 10 31 66 48 30 59 24 10 31 25 66 13 25 5 53 58 31 53 7 17 32 34 22 16 42 11 66 42 62 54 37 14 11 62 1 1 58 65 55 15 2 10 61
split_gain=80.8308 42.5477 28.4738 16.5883 20.2892 12.1676 7.76201 6.82327 5.86797 6.92663 5.07874 4.25865 4.25278 6.60712 4.02339 7.76974 10.1268 5.08115 3.91439 3.87776 3.82632 3.57187 3.48369 3.36652 3.37956 3.08528 2.85665 2.78922 2.6631 3.65655 1.92727 1.77236 2.60659 4.02969 3.23326 3.58878 1.76705 1.35966 1.30378 2.24358 0.942739 0.815396 0.68595 0.643544 0.625428 0.588703 1.80175 3.26207 0.450329 0.427216 1.28464 0.411914 0.380463 0.370854 0.359204 0.35491 0.27645 0.248731 0.20886 0.538872 0.183513 0.160124
threshold=2038.5833333333337 75.730885000000015 1288.5000000000002 1639.479166666667 1541.5000000000002 6.4081742279932294 29181.000000000004 493.22916666666669 1108.5000000000002 225.50000000000003 4550.5000000000009 1493.5000000000002 16.554380619417312 108286.50000000001 20.379166666666674 38889.500000000007 96089.333333333343 12.500000000000002 26.283333333333335 0.74305326206722599 55.362399396926541 1644.1458333333335 207.50000000000003 66.909935417343391 1130.5000000000002 88.479875000000007 0.74305326206722599 63.802421483144876 73.872350000000012 1020.0000000000001 113091.00000000001 76.718035000000015 2.5000000000000004 1836.5000000000002 2061.0625000000005 64.107749000292415 901.50000000000011 4.5000000000000009 17.875000000000004 61.010876863287301 -0.5665433470433533 -0.59999999999999865 1340.0000000000002 60900.000000000007 126556.50000000001 2444.5833333333339 48202.375000000007 2215.729166666667 1893.0000000000002 27371.500000000004 113553.97916666669 97301.500000000015 2735.0208333333335 4.3250000000000002 14.275000000000002 2515.4375000000005 1260.0000000000002 14.500000000000002 10746.024810590814 71.125838000000016 1.0000000180025095e-35 229.50000000000003
decision_type=2 2 2 2 2 2 2 2 2 2 2 2 2 2 2 2 2 2 2 2 2 2 2 2 2 2 2 2 2 2 2 2 2 2 2 2 2 2 2 2 2 2 2 2 2 2 2 2 2 2 2 2 2 2 2 2 2 2 2 2 2 2
left_child=3 10 5 14 7 -3 -7 20 -9 27 12 -8 49 -14 44 16 55 19 26 -18 -5 -19 25 24 28 40 51 36 29 -13 -12 43 33 34 -33 -36 -10 -34 39 -17 -6 -4 -22 53 52 -40 -47 -48 -39 -2 -51 -11 58 -24 -54 -16 -35 -38 -1 -60 -30 -55
right_child=1 2 41 4 22 6 11 8 9 18 30 23 13 -15 15 38 17 21 -20 -21 42 -23 31 -25 -26 -27 -28 -29 60 -31 -32 32 37 56 35 -37 57 48 45 -41 -42 -43 -44 -45 -46 46 47 -49 -50 50 -52 -53 54 61 -56 -57 -58 -59 59 -61 -62 -63
leaf_value=-15.643139491634621 -2.0313159519043005 -4.6162738441512419 5.6001265969136202 8.4511357733037062 6.7841815830819723 0.58126724514540562 6.3591460977018119 -4.953888858310437 7.6229980443438805 -4.0250735064672289 17.418705187798846 7.3855364745358987 9.7203952860016702 -0.17871989170436337 0.29551405992364244 -13.988468394594834 6.1122386543045453 13.060874586920756 12.209949674817835 14.576685135063997 -3.4147509158922369 -4.1672101101220367 0.084587788558587812 14.642554046589041 21.029557543159484 9.1085922042692218 16.58009668104739 6.2635008941729078 18.609007387313508 19.766927409260532 7.0508580782932313 -1.4824828471485183 8.5629527494831752 0.043689780855985308 14.205539067071122 3.3644647837532999 14.918108000423954 -4.5196111915795099 -8.871502480066729 12.218461876502639 -2.6552906644867749 -5.5640155818123933 1.5286164160083291 5.6937115131340619 2.1248492719425394 -11.618305645640454 4.7712500513475531 -1.6641933020558553 0.6085290546150206 3.9387110773731422 -5.3558148495206241 2.1635619779811308 -13.482499042008598 -1.7223118596769087 3.8612237610975626 -9.2308004332573841 -5.5542711845987105 20.473111556297265 -21.170277990370881 2.0047948388995653 21.482745471670416 -6.7820597736762931
leaf_weight=3592 220 23 26 20 20 32 20 27 23 28 20 34 24 39 20 27 26 20 37 36 63 31 20 34 28 24 35 21 20 35 20 20 20 21 25 24 20 191 614 20 25 64 33 20 24 99 20 25 28 22 49 28 20 21 20 93 46 28 50 20 144 516
leaf_count=3592 220 23 26 20 20 32 20 27 23 28 20 34 24 39 20 27 26 20 37 36 63 31 20 34 28 24 35 21 20 35 20 20 20 21 25 24 20 191 614 20 25 64 33 20 24 99 20 25 28 22 49 28 20 21 20 93 46 28 50 20 144 516
internal_value=-0.000374835 0.00827186 0.0144686 -0.00157789 0.00131132 0.0181491 0.0195506 0.00740292 0.0102226 0.0118446 0.00102766 0.0209838 -0.000110139 0.00694136 -0.00241912 -0.000756474 0.00415303 0.010504 0.00728337 0.0162802 0.00136951 0.00340509 -0.000852023 0.0218977 0.0230716 0.00564399 0.00388584 0.0181433 0.0242728 0.0191027 0.0111471 -0.00132654 0.000271927 0.00359295 0.00868307 0.012831 0.0210127 -0.00160602 -0.00213887 0.00267516 0.000931263 -0.000632631 -0.00109261 -0.00237047 -0.00287835 -0.00244163 -0.000687024 0.00425721 -0.00230032 -0.00164892 0.000337552 -0.00026738 -0.00290997 -0.00256327 0 -0.00217507 -0.00160954 0.0243867 -0.00294176 -0.00124108 0.0264168 -0.00271458
internal_weight=6995 854 460 6141 1384 370 347 363 247 220 394 315 354 63 4757 1031 226 113 128 62 116 51 1021 295 261 69 91 92 233 69 40 952 375 136 69 49 71 239 805 47 45 90 96 577 3726 758 144 45 219 291 71 56 3702 557 40 113 67 48 3662 70 164 537
internal_count=6995 854 460 6141 1384 370 347 363 247 220 394 315 354 63 4757 1031 226 113 128 62 116 51 1021 295 261 69 91 92 233 69 40 952 375 136 69 49 71 239 805 47 45 90 96 577 3726 758 144 45 219 291 71 56 3702 557 40 113 67 48 3662 70 164 537
is_linear=0
shrinkage=0.03


Tree=9
num_leaves=63
num_cat=0
split_feature=15 23 33 51 60 50 47 14 14 60 43 8 45 58 58 61 13 51 25 65 24 17 19 60 53 46 2 12 26 16 14 24 49 44 14 67 45 33 49 26 46 63 27 51 28 16 15 16 30 66 38 30 12 46 65 53 15 58 22 66 23 15
split_gain=52.4264 51.2511 25.6366 22.2239 29.9414 13.8854 13.5297 7.97266 6.34041 5.95052 5.08299 6.63444 5.02992 5.47134 7.75476 4.74471 3.27709 3.12825 3.33798 6.67878 5.10451 3.52719 3.40072 2.62161 2.51875 2.15709 4.02612 2.11786 2.00878 1.6253 1.66817 1.45816 1.66436 1.35437 1.21585 3.2546 3.61861 2.294 1.2696 1.19737 2.72468 1.12338 0.761429 0.626421 0.909501 0.549115 0.540069 0.537526 0.990991 0.452531 0.38232 0.37921 0.335612 0.313601 0.302809 0.260728 0.25271 0.816253 1.39228 0.300572 0.173648 0.205541
threshold=9903.0133157319342 75.857867000000013 3.2889370146346351 1405.5000000000002 1464.5000000000002 582.87500000000011 729.50000000000011 127305.50000000001 129611.10416666667 140.50000000000003 33025.500000000007 1.0000000180025095e-35 32681.500000000004 3183.8750000000005 2840.4583333333335 139.50000000000003 116463.50000000001 1426.5000000000002 83.87646500000001 913.00000000000011 89.355252000000021 8.0250000000000021 -10.124999999999998 870.50000000000011 919.50000000000011 29211.729166666672 66.250832500000016 97042.500000000015 75.256654062500019 -3556.9999999999995 121435.31250000001 96.48238000000002 758.00000000000011 30887.000000000004 110561.43750000001 126904.50000000001 32271.000000000004 2.1070871895066818 532.50000000000011 80.642721187500015 31920.541666666668 369.00000000000006 15.960523240012833 2124.5000000000005 -3.4740575000000002 -2153.4999999999995 17144.329907923024 4046.0000000000005 62.86388036797856 895.29166666666686 21663.875000000004 51.56886372061404 100148.50000000001 25481.375000000004 1260.0000000000002 1624.5000000000002 7717.0988553334619 2501.604166666667 0.050000000000000495 1391.2708333333337 74.415835000000015 13154.64515822059
decision_type=2 2 2 2 2 2 2 2 2 2 2 2 2 2 2 2 2 2 2 2 2 2 2 2 2 2 2 2 2 2 2 2 2 2 2 2 2 2 2 2 2 2 2 2 2 2 2 2 2 2 2 2 2 2 2 2 2 2 2 2 2 2
left_child=15 8 3 10 5 42 12 27 9 -2 31 -12 13 14 -7 -1 -10 41 22 -20 54 -22 -19 -14 -4 26 -11 -8 -6 -15 -31 32 33 -3 51 36 -36 -38 -37 40 -29 -17 -5 49 -45 -26 52 -35 -49 -24 -40 -27 -30 -51 -21 -46 -43 58 59 -58 -53 -62
right_child=1 2 24 4 28 6 7 -9 16 25 11 -13 23 29 -16 17 -18 18 19 20 21 -23 43 -25 45 34 -28 39 46 30 -32 -33 -34 47 35 38 37 -39 50 -41 -42 56 -44 44 55 -47 -48 48 -50 53 -52 60 -54 -55 -56 -57 57 -59 -60 -61 61 -63
leaf_value=6.3762663332638496 8.9664859532836161 16.331049883168063 5.7042645460736914 -3.4503741052484873 7.7033643279768222 13.605090148621175 6.1715267511643201 25.473735278058335 12.331404802945361 -1.1977927157378603 14.780980780972804 -9.3841669799122354 8.4147547082906708 14.280331575523649 0.27622002415281255 7.4770099085308672 0.063018043514249666 10.239372186955807 10.431594237881471 -0.18907351320135229 8.776833939519717 0.67824518134628131 1.6037046277117339 26.948426613155863 17.265816526323235 0.64560378601973845 7.4730867356238448 -6.5991007814281168 1.3116759794249484 20.101778874478043 11.989009799553374 14.356911377926082 5.5535105915394816 -2.6820896231933782 -12.374311624974261 3.034208058570949 13.03753747149525 3.2509893303475565 0.53431934087973754 -0.84887595009368488 14.798371712354101 -19.649303534878953 5.2796561380867599 2.6645120894001746 1.7806670180693951 19.1099404580034 0.92904907622636301 6.4839012521487218 -4.2748301965448938 0.64353625520444169 -7.1034174575780753 -9.9157997776920421 -7.3488125311183596 -6.6022957606700574 -4.1306094358531285 -3.4462620433350835 0.99431760796515389 -10.072273335770831 3.7453870482646288 -7.2853225684127976 -10.576232593562716 1.7545655102661308
leaf_weight=27 38 26 23 37 26 37 22 33 20 42 28 21 20 25 32 21 22 35 32 23 27 35 30 23 25 20 20 20 22 127 25 25 20 243 30 23 24 20 21 42 21 2929 20 21 20 59 20 20 28 26 233 764 123 694 164 65 20 246 20 49 21 20
leaf_count=27 38 26 23 37 26 37 22 33 20 42 28 21 20 25 32 21 22 35 32 23 27 35 30 23 25 20 20 20 22 127 25 25 20 243 30 23 24 20 21 42 21 2929 20 21 20 59 20 20 28 26 233 764 123 694 164 65 20 246 20 49 21 20
internal_value=-0.000366257 0.00310382 0.00760875 0.00622318 0.00957191 0.0135406 0.0153969 0.00762491 -0.000971854 -0.00135178 0.000715154 0.00977597 0.0190937 0.0207599 0.0134588 -0.00231016 0.0104751 -0.00238675 -0.00105196 0.00179296 0.000120433 0.00758454 -0.00195264 0.00946636 0.0216246 -0.00171311 0.00371981 0.00353949 -0.000470958 0.0235799 0.0247929 -0.000505386 -0.00103234 -0.00157048 -0.00200238 -0.000512675 0.00506073 0.0105442 -0.00201371 0.00129964 0.0049635 -0.00286201 -0.000315237 -0.00233034 -0.000141377 0.0240785 -0.00170806 -0.00216421 0.00068607 -0.00263565 -0.00263282 -0.00263241 -0.002357 -0.00278711 -0.00234099 -0.00155112 -0.00290708 -0.0020949 0.0003367 -0.00164978 -0.00273506 -0.000729928
internal_weight=6995 2511 1193 1086 675 484 427 138 1318 1276 411 49 289 246 69 4484 42 4457 1172 281 249 62 891 43 107 1238 62 105 191 177 152 362 337 317 1176 351 74 44 277 83 41 3285 57 856 106 84 165 291 48 750 254 825 145 720 187 85 3264 335 89 69 805 41
internal_count=6995 2511 1193 1086 675 484 427 138 1318 1276 411 49 289 246 69 4484 42 4457 1172 281 249 62 891 43 107 1238 62 105 191 177 152 362 337 317 1176 351 74 44 277 83 41 3285 57 856 106 84 165 291 48 750 254 825 145 720 187 85 3264 335 89 69 805 41
is_linear=0
shrinkage=0.03


Tree=10
num_leaves=63
num_cat=0
split_feature=54 23 27 49 54 52 51 58 61 50 62 46 45 15 44 64 51 20 40 38 63 13 59 31 16 24 7 18 33 21 25 27 24 65 22 3 2 61 32 33 5 51 10 61 65 10 43 63 49 31 22 2 12 14 62 0 11 45 19 64 2 16
split_gain=79.8703 45.5779 21.4957 14.4871 11.8019 14.6075 11.501 6.91272 6.27434 5.54677 6.02139 7.95766 5.983 4.71886 4.45088 4.55651 4.27498 4.24812 7.58651 11.7968 7.1924 4.03603 3.69349 3.61708 3.1269 2.11884 3.43575 2.44417 3.6065 2.04967 2.03763 2.03121 1.89146 1.57407 3.29211 1.43469 1.38576 1.23382 1.19657 2.91854 1.44462 2.43589 1.14894 0.988867 0.954445 0.918437 3.41082 0.958408 0.837689 0.829225 0.542257 0.479728 0.381993 0.873275 0.372212 0.359204 0.354848 0.328413 0.18896 0.171385 0.16006 0.152345
threshold=1938.6875000000002 76.14245200000002 9.3048429063589424 410.50000000000006 1639.479166666667 1614.5000000000002 1329.5000000000002 3535.6041666666674 1076.5000000000002 493.22916666666669 1398.7500000000002 32039.854166666672 32252.500000000004 17898.79818210041 29267.500000000004 2177.5000000000005 1455.5000000000002 20.379166666666674 38889.500000000007 14889.958333333334 4433.5000000000009 114534.00000000001 1222.5000000000002 55.205358957596289 -1358.4999999999998 89.355252000000021 25.500000000000004 21.975000000000005 2.973165806493395 1.8950849465155017 82.613347500000017 18.124545976652236 80.958815000000016 560.00000000000011 0.55000000000000049 66.909935417343391 69.001615000000015 163.50000000000003 56.371255911480226 3.133119028881191 2.5000000000000004 1683.5000000000002 1.0000000180025095e-35 702.50000000000011 809.50000000000011 0.56392291514228221 31472.500000000004 421.50000000000006 608.50000000000011 58.710116052492133 0.42500000000000077 76.015440000000012 89952.000000000015 96300.645833333358 2735.0208333333335 97534.500000000015 126556.50000000001 28697.500000000004 8.6750000000000025 2505.0000000000005 92.050195000000016 2440.5000000000005
decision_type=2 2 2 2 2 2 2 2 2 2 2 2 2 2 2 2 2 2 2 2 2 2 2 2 2 2 2 2 2 2 2 2 2 2 2 2 2 2 2 2 2 2 2 2 2 2 2 2 2 2 2 2 2 2 2 2 2 2 2 2 2 2
left_child=4 13 7 6 17 9 -4 -3 32 23 -11 50 -13 31 15 -8 -14 54 19 49 24 -15 -9 -6 -21 26 27 28 -16 -7 -18 33 -5 34 -2 -10 58 -27 -38 40 41 -40 -29 -26 -25 52 -47 -48 -43 60 -12 -35 53 -20 56 -56 -1 -42 -31 -49 -19 -46
right_child=1 2 3 8 5 29 14 22 35 10 11 12 16 21 25 -17 30 18 45 20 -22 -23 -24 44 43 37 -28 42 -30 36 -32 -33 -34 51 -36 -37 38 -39 39 -41 57 48 -44 -45 61 46 47 59 -50 -51 -52 -53 -54 -55 55 -57 -58 -59 -60 -61 -62 -63
leaf_value=-14.802827047383838 -3.5380948380370705 -2.9276719090151135 -10.059463047240177 9.2709368027448651 7.4764317151791424 11.336193652057736 2.8544519968566151 22.737562169641389 -7.2187498993268262 15.649793279873892 -4.4920122952197081 0.42014707666478279 16.456833025166603 14.77689409386994 11.126342471392203 9.0844281420588668 1.7219335669848788 -6.0079017927020324 -9.9985064167589623 5.8127500956420439 -3.3901836990604139 0.04988611960021784 0.70528569897435001 1.1808238189474669 12.034070197861892 6.4143325665918924 7.34065550361513 17.465148062243983 19.42862195020788 -3.6289097643100234 10.744751385815135 8.4333355669452228 19.377197704383033 -3.4487628012605462 7.3264938491131097 9.0657040379470963 -4.6413227887064776 18.278821894812992 4.5118261993835498 8.3587628458778447 0.35986398405238224 3.3618058604122414 25.588340753731121 14.981034727486355 -3.0138456538544771 11.860916310526338 4.7416996777937266 -3.9003577795342652 -1.4787368722613867 0.69828771280740032 1.879868313058443 0.22875334047487894 -14.776415646799254 4.3000849150571163 3.6330254368166925 -12.761545087010708 1.7539226281755962 -3.9262839332224346 -8.595047330386242 -4.8632399597915148 -0.14664166520413485 -0.77314549552963174
leaf_weight=3662 48 88 20 22 24 33 21 21 46 38 51 33 39 24 20 21 24 91 51 20 20 28 20 24 22 30 25 20 21 20 20 20 20 310 35 20 106 103 23 20 20 22 57 25 73 25 20 135 56 28 20 32 528 26 20 20 24 118 382 20 20 20
leaf_count=3662 48 88 20 22 24 33 21 21 46 38 51 33 39 24 20 21 24 91 51 20 20 28 20 24 22 30 25 20 21 20 20 20 20 310 35 20 106 103 23 20 20 22 57 25 73 25 20 135 56 28 20 32 528 26 20 20 24 118 382 20 20 20
internal_value=-0.000379123 0.00715512 0.0129056 0.0160256 -0.00174334 0.000959608 0.0190861 0.0020914 0.00641073 0.00592461 0.0088494 0.00660609 0.011447 0.00049487 0.0204747 0.0111876 0.0157401 -0.00240651 -0.000698284 0.00415303 0.0128129 0.00904031 0.0122628 0.00123317 0.0175261 0.0218725 0.0192034 0.0213633 0.0151825 -0.00130859 0.00918367 -0.000498765 0.0154632 -0.000945661 0.00274368 0.000590014 -0.00162691 0.0247032 -0.000279376 0.000810497 -0.000100377 0.00261128 0.0245914 0.0217834 -0.000922289 -0.00206434 -0.000284858 -0.00178184 3.84116e-05 -0.0012509 -0.00126582 -0.00185034 -0.0026475 -0.000622569 -0.00287835 0 -0.00290958 -0.00210717 -0.00284258 -0.00259188 -0.00243024 -0.00232009
internal_weight=6995 1072 575 446 5923 1166 338 129 108 366 225 187 116 497 318 42 83 4757 1031 226 87 52 41 141 67 276 143 118 41 800 44 445 42 425 83 66 767 133 365 259 239 101 77 47 117 805 200 175 78 139 71 342 605 77 3726 40 3686 138 402 155 111 93
internal_count=6995 1072 575 446 5923 1166 338 129 108 366 225 187 116 497 318 42 83 4757 1031 226 87 52 41 141 67 276 143 118 41 800 44 445 42 425 83 66 767 133 365 259 239 101 77 47 117 805 200 175 78 139 71 342 605 77 3726 40 3686 138 402 155 111 93
is_linear=0
shrinkage=0.03


Tree=11
num_leaves=63
num_cat=0
split_feature=54 23 47 51 54 10 15 58 32 33 7 58 43 29 15 49 33 57 13 45 49 59 50 57 49 21 52 40 45 59 33 61 20 23 58 62 66 58 62 64 51 5 4 63 16 16 23 19 0 16 54 5 28 33 16 57 2 1 51 58 12 57
split_gain=74.5266 46.0549 22.5284 16.9155 11.5568 13.0962 10.9501 8.56838 7.38852 9.53432 8.72665 6.20417 5.72496 4.34017 4.27387 3.88339 6.19969 3.84363 3.4577 3.43258 3.29735 3.05261 6.50729 3.18556 2.9093 2.68157 2.67067 2.53804 5.0099 2.46656 2.41633 3.93928 1.75007 3.43757 6.35435 2.48298 4.21633 1.94427 1.49365 1.38385 2.37556 1.33595 2.61713 1.40958 1.01206 0.754704 0.686984 0.967462 0.742526 0.677631 0.529921 0.523619 0.431621 0.406369 0.381403 0.321836 0.314461 0.28606 0.428845 0.24384 0.435983 0.224734
threshold=1915.3333333333335 76.14245200000002 729.50000000000011 1393.5000000000002 1469.4375000000002 0.74305326206722599 16845.904817374139 3183.8750000000005 57.397156231391165 3.0780641313775208 26.500000000000004 2840.4583333333335 28464.000000000004 67.748846923452206 17898.79818210041 161.50000000000003 2.0926839072192673 75.500000000000014 114534.00000000001 32712.500000000004 91.500000000000014 776.50000000000011 831.52083333333337 14.500000000000002 608.50000000000011 3.4510229603928253 1153.5000000000002 48211.500000000007 30810.500000000004 1072.5000000000002 2.6595705161211503 264.50000000000006 18.609375000000004 79.965210000000013 4504.0625000000009 2554.9583333333339 1644.1458333333335 1728.6458333333335 2593.166666666667 3533.5000000000005 1949.5000000000002 1.0000000180025095e-35 16.500000000000004 173.50000000000003 -3443.9999999999995 -5821.4999999999991 71.125838000000016 24.625000000000004 84921.000000000015 386.50000000000006 2465.1250000000005 5.5000000000000009 2.1100975000000024 4.1995588218646782 5733.5000000000009 10400.500000000002 77.91152000000001 4.3250000000000002 1762.5000000000002 2515.4375000000005 83160.000000000015 2.5000000000000004
decision_type=2 2 2 2 2 2 2 2 2 2 2 2 2 2 2 2 2 2 2 2 2 2 2 2 2 2 2 2 2 2 2 2 2 2 2 2 2 2 2 2 2 2 2 2 2 2 2 2 2 2 2 2 2 2 2 2 2 2 2 2 2 2
left_child=4 14 3 49 32 17 27 11 26 10 15 12 -5 -8 41 16 -10 21 -16 29 -21 22 30 -24 38 -26 -7 28 -4 44 -6 -32 -1 53 35 37 -37 -35 56 61 52 42 -2 -43 -9 -29 55 48 -48 -3 -46 -28 -41 -34 57 -45 -17 58 -19 60 -39 -23
right_child=1 2 6 7 5 8 13 19 9 -11 -12 -13 -14 -15 18 24 -18 54 -20 20 -22 39 23 -25 25 -27 51 45 -30 -31 31 -33 33 34 -36 36 -38 59 -40 40 -42 43 -44 46 50 -47 47 -49 -50 -51 -52 -53 -54 -55 -56 -57 -58 -59 -60 -61 -62 -63
leaf_value=-17.889744107786591 8.8458975197867051 -4.7527804255000072 -1.1335235185022325 5.2689650425175296 -3.3280845435596627 8.9885653045422256 15.281801842004056 17.711573870730845 16.830016676639609 16.167385726603261 11.847485432177912 -0.0026078463967406304 8.4970430918757476 19.73708486169777 14.33358727105384 0.018875083419143443 1.6466835116204013 -11.576150024444482 0.048389536012213047 22.299634956557991 28.349733843165858 -0.075183580458201907 5.0787452017204018 11.110656624438269 6.196928099116553 5.034874772577246 -3.5007009502151951 10.599761230104106 11.027565892611266 8.2872450546769976 -6.5633162272454646 6.5995227950004285 -12.902321891756419 8.3108374423574034 13.134687157289491 -10.306334741517112 5.4872461117749012 0.25296518890885161 2.1356999729872261 -5.1613260904545486 4.0156762625223088 3.809633817922724 -1.4662293303215899 -3.518194469972364 18.975255782589198 -4.6810748790308541 -0.23828445833128625 -3.2385329163619048 8.4981430806281324 0.95959242691003144 17.034959961619709 1.4114757632099704 0.14671670586543184 1.8949832014678403 1.1461498384241366 0.23959804117307676 -2.0251978975662372 -9.7732008259126975 2.8740682668718791 -8.6209192441578715 -11.593543015631553 -4.5134223215463471
leaf_weight=3140 22 28 22 21 113 21 25 20 20 32 32 30 38 25 24 22 23 28 28 21 21 31 35 33 22 20 125 25 20 20 30 24 614 20 32 21 20 20 22 52 35 23 43 300 138 91 21 33 22 20 25 21 24 20 20 20 88 690 20 164 29 206
leaf_count=3140 22 28 22 21 113 21 25 20 20 32 32 30 38 25 24 22 23 28 28 21 21 31 35 33 22 20 125 25 20 20 30 24 614 20 32 21 20 20 22 52 35 23 43 300 138 91 21 33 22 20 25 21 24 20 20 20 88 690 20 164 29 206
internal_value=-0.000400567 0.00666815 0.0124504 0.0167783 -0.00175734 0.000251522 0.00448342 0.0191709 0.00469315 0.00766275 0.00566038 0.0111111 0.0167513 0.0167066 0.000296586 0.00348227 0.0115545 -0.00123033 0.00846449 0.0220808 0.014038 0.000596809 0.00324117 0.0110573 0.00146467 0.00833729 -0.000287254 0.000588235 0.00691211 0.0237223 3.59059e-05 0.00526802 -0.00263891 -0.00149665 0.00110748 -0.000361183 0.00642336 -0.00157014 -0.000704013 -0.0011807 0.00156616 -0.000576328 0.00341014 -0.00120258 0.0248389 -0.00167959 -0.00162838 0.000906701 0.00389791 6.23693e-05 0.0256775 -0.00174538 -0.00137976 -0.00275824 -0.00263949 -0.00223993 -0.00215259 -0.00275166 -0.000436591 -0.0024214 -0.000488799 -0.00247997
internal_weight=6995 1126 590 382 5869 1789 208 334 448 281 249 89 59 50 536 217 43 1341 52 245 42 583 235 68 174 42 167 158 42 203 167 54 4080 940 306 274 41 233 132 348 111 484 65 419 183 116 396 76 43 48 163 146 76 634 758 320 110 738 48 213 49 237
internal_count=6995 1126 590 382 5869 1789 208 334 448 281 249 89 59 50 536 217 43 1341 52 245 42 583 235 68 174 42 167 158 42 203 167 54 4080 940 306 274 41 233 132 348 111 484 65 419 183 116 396 76 43 48 163 146 76 634 758 320 110 738 48 213 49 237
is_linear=0
shrinkage=0.03


Tree=12
num_leaves=63
num_cat=0
split_feature=54 48 44 51 42 54 52 53 15 10 45 42 50 49 38 66 4 15 25 14 48 19 5 19 25 23 20 40 38 58 65 42 24 55 25 24 60 51 38 38 45 20 1 48 24 48 31 54 56 1 16 25 46 22 25 0 48 31 28 15 1 59
split_gain=69.9702 45.7889 14.446 14.606 12.9278 11.9494 12.1466 10.5992 7.45273 6.02432 5.37564 6.08417 7.76552 4.91343 7.02347 4.77288 4.05715 3.52356 3.49551 3.29831 2.69079 2.56832 2.50644 2.49287 2.353 2.1113 1.82386 4.51834 9.51999 2.26981 1.79526 3.54298 1.71842 1.52414 3.83251 1.38248 1.23658 1.6915 2.11323 2.98529 1.53662 1.16605 3.04384 1.13622 1.67486 1.06407 0.812264 0.74192 0.918448 0.746037 0.737375 0.702787 0.654405 0.426728 0.85448 0.369175 0.263383 0.784862 0.399187 0.180227 0.226322 0.178053
threshold=1938.6875000000002 265.50000000000006 29181.000000000004 1353.5000000000002 60900.000000000007 1469.4375000000002 1426.5000000000002 2004.5000000000002 13313.457647144118 0.74305326206722599 32271.000000000004 55849.937500000007 454.47916666666669 189.50000000000003 14975.708333333336 2267.2083333333335 6.5000000000000009 18169.599754664552 91.323085000000006 98401.916666666672 218.50000000000003 -7.8749999999999991 2.5000000000000004 23.825000000000006 80.843405000000018 82.769125000000017 20.379166666666674 38083.500000000007 14889.958333333334 1969.3750000000002 1465.5000000000002 45320.916666666679 86.833815000000016 49.500000000000007 87.364355000000003 84.284243000000018 1819.5000000000002 2086.5000000000005 13133.85416666667 15204.083333333334 32415.500000000004 26.283333333333335 27.375000000000004 204.50000000000003 80.139925000000019 361.50000000000006 58.476377216546574 2016.3958333333335 20.500000000000004 21.375000000000004 3020.5000000000005 93.138065000000012 25488.020833333339 1.8249999999999995 74.49027000000001 91938.500000000015 1914.5000000000002 64.922757160391541 -2.4981369999999994 10812.486377684034 20.575000000000006 192.50000000000003
decision_type=2 2 2 2 2 2 2 2 2 2 2 2 2 2 2 2 2 2 2 2 2 2 2 2 2 2 2 2 2 2 2 2 2 2 2 2 2 2 2 2 2 2 2 2 2 2 2 2 2 2 2 2 2 2 2 2 2 2 2 2 2 2
left_child=5 2 35 -4 9 26 8 22 13 17 19 12 -12 14 -7 23 32 36 21 -10 -20 -8 -6 -11 -14 -18 59 28 46 -29 31 -22 -5 45 50 -2 37 -3 -39 -40 -41 43 -43 44 -23 -15 -28 -27 49 -49 -35 -21 -45 61 -55 -17 57 58 -38 -1 -61 -54
right_child=1 4 3 16 7 6 18 -9 10 15 11 -13 24 33 -16 55 25 -19 20 51 30 41 -24 -25 -26 47 27 29 -30 -31 -32 -33 -34 34 -36 -37 56 38 39 40 -42 42 -44 52 -46 -47 -48 48 -50 -51 -52 -53 53 54 -56 -57 -58 -59 -60 60 -62 -63
leaf_value=-16.091446634950824 -1.2188507150340462 -2.6145076974085018 -4.0644892087981566 15.290694067989032 26.394622632555677 -5.5199110707528973 11.542834981991984 -0.019088200370752071 4.8498200216185916 6.1731286302569091 5.6230038632829364 1.5748508320190349 5.2894911430123672 -3.2320171335225463 15.761830127994996 7.4180536499470699 17.315324385835002 14.696782005723803 6.635830563277378 -8.2993677059027391 10.099908992548571 -4.979444610580102 13.770350716093935 14.660723066565097 15.624004744609234 19.605602854970279 -2.2832509168355362 8.0615123190866846 12.616248497513393 -9.2098439871111335 -3.3253558280464457 -1.5824466517543134 12.843612542183191 -2.8094886764609175 7.3453562886440498 7.9472040154469914 0.65222598622617323 -1.1557907144296289 6.9250200557946666 -1.0448713699940129 8.6159608632130613 7.9982507544412851 -5.2566628246746978 0.80686303406089732 1.9801533646716942 2.9160254771304341 1.3596804756725838 17.267869228919547 18.276416913005786 17.172757044654087 0.91538982097966282 2.9289613697944121 -1.6449398275987681 -4.5857403864956954 3.3891283182485261 -3.6929876969232596 -5.2697749621079284 2.2421259644499019 -4.3434678639789883 1.7806889983716654 -21.362772419773076 -7.3026061075493178
leaf_weight=3368 29 88 27 25 36 21 20 36 20 39 26 33 20 149 27 20 21 26 36 42 20 29 21 22 44 22 91 20 39 497 64 27 21 54 21 20 28 47 26 42 36 29 62 31 25 20 20 20 107 21 20 22 20 42 25 21 122 27 122 20 25 894
leaf_count=3368 29 88 27 25 36 21 20 36 20 39 26 33 20 149 27 20 21 26 36 42 20 29 21 22 44 22 91 20 39 497 64 27 21 54 21 20 28 47 26 42 36 29 62 31 25 20 20 20 107 21 20 22 20 42 25 21 122 27 122 20 25 894
internal_value=-0.00045632 0.00659547 0.0162504 0.0190269 0.00260835 -0.00173321 0.000270196 0.0130827 0.00416105 0.00113947 0.00857557 0.0125751 0.0166149 0.00122076 0.0100416 0.00784525 0.0214087 -6.91374e-05 -0.00125293 0.00267539 0.00309993 -0.00179934 0.0211208 0.0131588 0.0222309 0.0233595 -0.00263891 -0.00119622 0.00337775 -0.00252949 0.000756075 0.00522293 0.0132104 -0.000374859 0.00264984 0.001222 -0.000596544 0.00100376 0.00293845 0.00533141 0.00234315 -0.001986 0.00125137 -0.00226527 0.00194085 -0.00209344 -0.00108011 0.0244974 0.025341 0.0210219 -0.000526317 -0.000608425 -0.00249284 -0.0026297 -0.000268257 -7.13515e-10 -0.00188566 -0.00111801 -0.00197868 -0.00291993 -0.000931265 -0.00279948
internal_weight=6995 1072 313 264 759 5923 1843 93 519 666 207 123 90 312 48 102 237 564 1324 84 147 1177 57 61 64 191 4080 667 150 517 111 47 46 264 95 49 538 239 151 104 78 1157 91 1066 54 169 111 170 148 41 74 64 1012 981 67 41 299 177 150 3413 45 914
internal_count=6995 1072 313 264 759 5923 1843 93 519 666 207 123 90 312 48 102 237 564 1324 84 147 1177 57 61 64 191 4080 667 150 517 111 47 46 264 95 49 538 239 151 104 78 1157 91 1066 54 169 111 170 148 41 74 64 1012 981 67 41 299 177 150 3413 45 914
is_linear=0
shrinkage=0.03


Tree=13
num_leaves=63
num_cat=0
split_feature=54 48 26 15 54 52 13 51 44 10 64 10 62 51 20 40 38 17 32 20 51 59 45 45 10 5 7 32 4 42 57 5 38 7 46 24 1 61 38 25 59 54 5 47 61 38 17 25 24 15 62 1 12 4 15 10 19 1 47 64 24 3
split_gain=66.3575 47.8479 13.2752 13.0183 10.6426 13.5959 10.5078 9.32875 8.88675 8.01507 6.78871 5.62345 7.36528 4.58367 3.46771 5.09894 10.9766 7.04825 3.32869 3.31968 3.08471 3.01541 2.43801 3.435 2.33925 3.09247 4.2841 3.46127 2.23174 2.00796 1.98845 2.38945 3.32231 1.79077 1.6712 1.52154 1.45358 1.33397 2.23203 0.814943 0.715308 0.687465 1.33016 1.06271 0.638357 0.576328 0.5629 0.521547 0.506101 0.415216 0.369635 0.359204 0.336575 0.211105 0.198012 0.538872 0.197062 0.184432 0.18206 0.17285 0.168253 0.164652
threshold=1930.5208333333337 265.50000000000006 67.243387791666677 18169.599754664552 1594.7708333333337 1465.5000000000002 106248.00000000001 1353.5000000000002 29181.000000000004 0.74305326206722599 1755.5000000000002 0.87900005428953576 1295.0208333333337 1287.5000000000002 20.379166666666674 41676.000000000007 14889.958333333334 18.525000000000002 65.698162615981843 25.630208333333339 1664.5000000000002 397.50000000000006 32252.500000000004 32694.500000000004 0.56392291514228221 2.5000000000000004 14.500000000000002 60.418199782236911 6.5000000000000009 61748.895833333336 21.500000000000004 2.5000000000000004 15278.770833333336 7.5000000000000009 31359.687500000004 80.139925000000019 21.975000000000005 374.50000000000006 13255.312500000002 88.297410000000013 1020.5000000000001 2100.9583333333335 1.0000000180025095e-35 953.50000000000011 172.50000000000003 24228.812500000004 17.425000000000001 93.138065000000012 85.733235000000022 15453.207464194269 2735.0208333333335 14.275000000000002 94673.500000000015 8.5000000000000018 10746.024810590814 0.74305326206722599 21.075000000000006 4.5750000000000002 2634.5000000000005 4093.0000000000005 92.050195000000016 59.510203483211491
decision_type=2 2 2 2 2 2 2 2 2 2 2 2 2 2 2 2 2 2 2 2 2 2 2 2 2 2 2 2 2 2 2 2 2 2 2 2 2 2 2 2 2 2 2 2 2 2 2 2 2 2 2 2 2 2 2 2 2 2 2 2 2 2
left_child=4 2 -2 9 14 11 56 -4 -9 29 20 12 -6 -13 50 16 39 -18 28 35 -11 -15 52 -24 30 26 -26 -28 36 37 31 32 -7 -27 -22 -19 -10 38 -3 61 44 60 -43 -44 -30 46 -17 -33 -45 -35 54 -52 -14 -25 58 -56 -5 -32 -1 -48 -39 -16
right_child=1 3 7 6 5 24 -8 8 18 10 -12 13 22 21 15 45 17 19 -20 -21 34 -23 23 53 25 33 27 -29 40 -31 57 47 -34 49 -36 -37 -38 41 -40 -41 -42 42 43 48 -46 -47 59 -49 -50 -51 51 -53 -54 -55 55 -57 -58 -59 -60 -61 -62 -63
leaf_value=-13.882306421412213 -0.36257050040510874 -1.3319125491337791 -4.6129463620166291 27.145211764489545 10.934996665423583 -0.87797290748703938 4.9268619881832887 7.6508342425097888 2.8329354046910584 2.8241631559506692 -0.93005609473074902 2.3131209618409034 -2.6909787033683612 10.463085394101689 -7.3922366048688213 3.559278964947016 12.874514925416969 4.7839400039536866 6.0107528732443782 8.4677599352872175 4.9257030084361926 15.067745660901419 13.760514463376426 -2.2756297476585319 -1.1431265288714667 7.0341521092535464 2.295144962020335 10.807740745731348 5.2651195576933665 12.927978854407959 -0.02348036329570341 -4.9486045547078739 7.868241998362218 -3.6712854041290259 14.382267356243476 -0.18800756964553797 15.717257582998368 -4.0207756104446961 5.4138887317699727 0.44458145795753123 12.821205810065095 5.2938466307883605 3.9629749427370635 -3.3432205252461462 18.979111993302375 1.9109837026358865 -9.2668675814266788 4.0405830982269526 8.2012097662612167 0.10114833134853726 -11.086262889809531 3.8421606894074736 0.4995096864805228 0.41497375376309886 -19.250749845341023 1.7272683284205139 23.109347328578004 -7.4750475866310033 -0.1619146628991362 -2.1750042416211359 -1.852901493531069 -0.077990786432130338
leaf_weight=3533 38 25 20 22 31 30 39 33 20 21 36 24 73 21 154 24 31 22 22 21 21 37 39 22 40 25 28 23 22 29 20 104 27 121 29 38 20 183 29 32 23 38 36 208 122 22 573 20 22 30 20 20 20 20 50 20 20 519 21 20 21 21
leaf_count=3533 38 25 20 22 31 30 39 33 20 21 36 24 73 21 154 24 31 22 22 21 21 37 39 22 40 25 28 23 22 29 20 104 27 121 29 38 20 183 29 32 23 38 36 208 122 22 573 20 22 30 20 20 20 20 50 20 20 519 21 20 21 21
internal_value=-0.000516362 0.00625057 0.0160169 0.00223335 -0.00177829 0.000647515 0.0136128 0.0182595 0.0197673 0.000906746 0.00845938 0.00639498 0.00371526 0.0130451 -0.00244759 -0.00083603 0.00225635 0.00982159 0.0218682 0.00510481 0.0138397 0.0176076 0.00129236 0.00510481 -0.00102117 0.00137027 0.00586169 0.0116243 0.0230613 -0.000456776 -0.00191224 0.00079514 0.00588441 -0.000936968 0.0179042 0.00144759 0.016384 -0.000859278 0.00360444 -0.00182521 0.024632 -0.00134029 -0.000424203 -0.00118377 0.0255031 -0.0023846 -0.00255712 -0.00152297 -0.00194263 -0.00218398 -0.0028681 0 -0.00199785 -0.000783849 -0.00289976 -0.00124108 0.0240143 -0.00282693 -0.00293154 -0.00274153 -0.00268986 -0.00263849
internal_weight=6995 1099 320 779 5896 1274 81 282 262 698 107 287 205 82 4622 958 319 112 229 81 71 58 174 81 987 267 91 51 207 591 720 181 57 176 50 60 40 562 54 207 167 508 304 266 144 639 617 124 230 151 3664 40 93 42 3624 70 42 539 3554 593 204 175
internal_count=6995 1099 320 779 5896 1274 81 282 262 698 107 287 205 82 4622 958 319 112 229 81 71 58 174 81 987 267 91 51 207 591 720 181 57 176 50 60 40 562 54 207 167 508 304 266 144 639 617 124 230 151 3664 40 93 42 3624 70 42 539 3554 593 204 175
is_linear=0
shrinkage=0.03


end of trees

feature_importances:
Column_54=38
Column_15=29
Column_58=29
Column_62=27
Column_16=26
Column_23=25
Column_51=25
Column_20=23
Column_45=22
Column_24=21
Column_27=21
Column_59=20
Column_60=20
Column_25=19
Column_48=19
Column_33=18
Column_44=18
Column_10=17
Column_38=17
Column_49=17
Column_52=17
Column_47=16
Column_1=15
Column_2=15
Column_66=15
Column_5=14
Column_19=14
Column_46=14
Column_57=14
Column_7=13
Column_12=13
Column_13=12
Column_14=12
Column_21=12
Column_42=12
Column_50=12
Column_61=12
Column_26=11
Column_32=11
Column_22=10
Column_36=10
Column_40=10
Column_53=10
Column_31=9
Column_65=9
Column_43=8
Column_63=8
Column_4=7
Column_28=7
Column_64=7
Column_0=6
Column_18=6
Column_3=5
Column_17=5
Column_37=5
Column_6=4
Column_11=4
Column_30=4
Column_41=4
Column_68=4
Column_70=4
Column_29=3
Column_34=3
Column_35=3
Column_55=3
Column_56=3
Column_8=1
Column_67=1

parameters:
[boosting: gbdt]
[objective: quantile]
[metric: quantile]
[tree_learner: serial]
[device_type: cpu]
[data_sample_strategy: bagging]
[data: ]
[valid: ]
[num_iterations: 1500]
[learning_rate: 0.03]
[num_leaves: 63]
[num_threads: 24]
[seed: 42]
[deterministic: 0]
[force_col_wise: 0]
[force_row_wise: 0]
[histogram_pool_size: -1]
[max_depth: -1]
[min_data_in_leaf: 20]
[min_sum_hessian_in_leaf: 0.001]
[bagging_fraction: 0.8]
[pos_bagging_fraction: 1]
[neg_bagging_fraction: 1]
[bagging_freq: 0]
[bagging_seed: 400]
[bagging_by_query: 0]
[feature_fraction: 0.8]
[feature_fraction_bynode: 1]
[feature_fraction_seed: 30056]
[extra_trees: 0]
[extra_seed: 12879]
[early_stopping_round: 0]
[early_stopping_min_delta: 0]
[first_metric_only: 0]
[max_delta_step: 0]
[lambda_l1: 0.1]
[lambda_l2: 0.1]
[linear_lambda: 0]
[min_gain_to_split: 0]
[drop_rate: 0.1]
[max_drop: 50]
[skip_drop: 0.5]
[xgboost_dart_mode: 0]
[uniform_drop: 0]
[drop_seed: 17869]
[top_rate: 0.2]
[other_rate: 0.1]
[min_data_per_group: 100]
[max_cat_threshold: 32]
[cat_l2: 10]
[cat_smooth: 10]
[max_cat_to_onehot: 4]
[top_k: 20]
[monotone_constraints: ]
[monotone_constraints_method: basic]
[monotone_penalty: 0]
[feature_contri: ]
[forcedsplits_filename: ]
[refit_decay_rate: 0.9]
[cegb_tradeoff: 1]
[cegb_penalty_split: 0]
[cegb_penalty_feature_lazy: ]
[cegb_penalty_feature_coupled: ]
[path_smooth: 0]
[interaction_constraints: ]
[verbosity: -1]
[saved_feature_importance_type: 0]
[use_quantized_grad: 0]
[num_grad_quant_bins: 4]
[quant_train_renew_leaf: 0]
[stochastic_rounding: 1]
[linear_tree: 0]
[max_bin: 255]
[max_bin_by_feature: ]
[min_data_in_bin: 3]
[bin_construct_sample_cnt: 200000]
[data_random_seed: 175]
[is_enable_sparse: 1]
[enable_bundle: 1]
[use_missing: 1]
[zero_as_missing: 0]
[feature_pre_filter: 1]
[pre_partition: 0]
[two_round: 0]
[header: 0]
[label_column: ]
[weight_column: ]
[group_column: ]
[ignore_column: ]
[categorical_feature: ]
[forcedbins_filename: ]
[precise_float_parser: 0]
[parser_config_file: ]
[objective_seed: 16083]
[num_class: 1]
[is_unbalance: 0]
[scale_pos_weight: 1]
[sigmoid: 1]
[boost_from_average: 1]
[reg_sqrt: 0]
[alpha: 0.9]
[fair_c: 1]
[poisson_max_delta_step: 0.7]
[tweedie_variance_power: 1.5]
[lambdarank_truncation_level: 30]
[lambdarank_norm: 1]
[label_gain: ]
[lambdarank_position_bias_regularization: 0]
[eval_at: ]
[multi_error_top_k: 1]
[auc_mu_weights: ]
[num_machines: 1]
[local_listen_port: 12400]
[time_out: 120]
[machine_list_filename: ]
[machines: ]
[gpu_platform_id: -1]
[gpu_device_id: -1]
[gpu_use_dp: 0]
[num_gpu: 1]

end of parameters

pandas_categorical:null
