tree
version=v4
num_class=1
num_tree_per_iteration=1
label_index=0
max_feature_idx=70
objective=quantile
feature_names=Column_0 Column_1 Column_2 Column_3 Column_4 Column_5 Column_6 Column_7 Column_8 Column_9 Column_10 Column_11 Column_12 Column_13 Column_14 Column_15 Column_16 Column_17 Column_18 Column_19 Column_20 Column_21 Column_22 Column_23 Column_24 Column_25 Column_26 Column_27 Column_28 Column_29 Column_30 Column_31 Column_32 Column_33 Column_34 Column_35 Column_36 Column_37 Column_38 Column_39 Column_40 Column_41 Column_42 Column_43 Column_44 Column_45 Column_46 Column_47 Column_48 Column_49 Column_50 Column_51 Column_52 Column_53 Column_54 Column_55 Column_56 Column_57 Column_58 Column_59 Column_60 Column_61 Column_62 Column_63 Column_64 Column_65 Column_66 Column_67 Column_68 Column_69 Column_70
feature_infos=[66131:160560] [-20:34.149999999999999] [25.719044:100] [36.971664299722725:71.559848645091535] [0:23] [0:6] [1:10] [1:31] [0:1] [0:1] [0:0.99270887409805397] [66131:160560] [66131:160560] [66131:160560] [72233.041666666672:137142.20833333334] [2057.6408592873181:22024.617595875727] [-9183:8446] [-20:34.149999999999999] [-20:34.149999999999999] [-20:34.149999999999999] [-16.568749999999998:29.675000000000001] [0.52945401875049547:7.951298487978419] [-5.8000000000000007:5.5499999999999972] [25.719044:100] [25.719044:100] [25.719044:100] [45.313373250000005:95.04641233333335] [0.97911827352794878:23.426507825749582] [-30.049300000000002:30.860949999999995] [36.971664299722725:71.559848645091535] [36.971664299722725:71.559848645091535] [36.971664299722725:71.559848645091535] [45.760024263258238:67.819212344444352] [0.67909628204517791:7.5954539582083802] [-8.6935655667746659:7.6341842441526993] [6201:33428] [6201:33428] [6201:33428] [7216.916666666667:32362.625] [18440:75926] [18440:75926] [18440:75926] [24497.5:64836.833333333336] [25199:33959] [25199:33959] [26474:33959] [25316:33930.166666666664] [43:6933] [43:6933] [43:6933] [83.541666666666671:5366.375] [366:3539] [366:3539] [366:3539] [431.45833333333331:2835.4583333333335] [0:12186] [0:12186] [0:12186] [281.875:5366.791666666667] [85:6739] [85:6739] [85:6739] [718.33333333333337:3117.0833333333335] [29:9938] [29:9938] [29:9938] [157.125:8964.4166666666661] [68553:162721] [68553:162721] [68553:162721] [74746.875:140862.16666666666]
tree_sizes=4398 5502 5493 5510

Tree=0
num_leaves=54
num_cat=0
split_feature=4 54 44 45 38 42 6 62 46 46 7 7 42 44 4 20 32 27 16 7 18 5 20 19 44 35 3 7 38 14 27 4 7 1 46 14 15 0 69 4 50 59 0 45 44 57 65 4 47 19 27 16 1
split_gain=68.7359 44.2178 46.276 22.4872 13.0197 38.2856 11.4941 11.0891 25.1659 28.2137 17.7174 10.0159 9.31674 8.55686 11.3382 7.65115 7.57796 7.23245 6.63953 6.17289 6.63038 13.5006 5.21829 4.90105 4.6182 14.4435 4.18009 3.65446 3.21287 6.14471 2.98753 2.49596 2.16174 1.9985 4.8634 1.44622 2.24358 1.04562 0.994326 0.886445 2.11644 0.907419 0.655919 0.42767 0.27693 0.183325 0.153154 0.104277 0.661351 0.182599 0.0387147 0.0377742 0.0344139
threshold=13.500000000000002 584.64583333333337 33815.500000000007 27355.000000000004 11552.833333333334 42469.666666666679 3.5000000000000004 1809.1875000000002 27368.458333333339 32851.020833333343 19.500000000000004 12.500000000000002 46392.604166666679 33815.500000000007 9.5000000000000018 16.634375000000002 54.216084192899793 3.4679896699079698 70.500000000000014 16.500000000000004 3.4750000000000005 3.5000000000000004 20.476041666666671 -1.825 31830.500000000004 21667.000000000004 55.581439951662212 30.500000000000004 13133.85416666667 90942.020833333358 8.6869284062531271 1.5000000000000002 17.500000000000004 28.825000000000006 31700.020833333336 79322.604166666686 4981.7510867941483 97534.500000000015 146499.00000000003 12.500000000000002 206.58333333333334 229.50000000000003 113609.00000000001 33859.500000000007 27897.500000000004 11042.500000000002 8179.5000000000009 1.0000000180025095e-35 201.50000000000003 -1.1249999999999998 4.5675087769815272 -2666.9999999999995 -2.6249999999999996
decision_type=2 2 2 2 2 2 2 2 2 2 2 2 2 2 2 2 2 2 2 2 2 2 2 2 2 2 2 2 2 2 2 2 2 2 2 2 2 2 2 2 2 2 2 2 2 2 2 2 2 2 2 2 2
left_child=13 16 3 26 5 6 -5 17 -9 19 18 30 15 39 31 -7 -2 -6 -11 33 21 42 -14 -16 25 28 -3 -8 -22 -30 -4 -15 -26 45 -35 36 -19 -20 46 43 -41 -42 -21 47 -43 51 50 48 -1 -50 -37 -10 -46
right_child=1 2 11 4 7 12 27 8 9 10 -12 -13 22 14 23 -17 -18 35 37 20 24 -23 -24 -25 32 -27 -28 -29 29 -31 -32 -33 -34 34 -36 38 -38 -39 -40 40 41 44 -44 -45 52 -47 -48 -49 49 -51 -52 -53 -54
leaf_value=5.9280000033974645 5.8200000000000003 5.8200000000000003 5.8200000000000003 5.8200000000000003 5.8200000000000003 5.8499999999999996 6.0899999999999999 5.8200000000000003 6.1500000000000004 5.8860000009834765 6.0300000000000002 6 5.8499999999999996 5.8200000000000003 5.8200000053644176 5.8200000000000003 5.8200000000000003 5.8799999999999999 5.8770000008493666 5.8200000000000003 6.21 5.8200000000000003 6.21 5.8200000000000003 5.9699999999999998 5.9100000000000001 5.8799999999999999 5.8200000000000003 5.8200000000000003 6.3420000028610231 5.8200000000000003 42.594000269025564 6.0899999999999999 5.8410000016540291 6.0899999999999999 6.0300000000000002 6.0599999999999996 5.8200000000000003 5.9400000000000004 5.823000000938773 5.9400000000000004 6.0150000033527613 6.54 5.8200000000000003 6.0300000000000002 6.0390000059455637 6.1500000000000004 39.609001624211665 6.0210000025480985 7.1760000313818457 6.0599999999999996 6.1500000000000004 6.4560000166296962
leaf_weight=20 85 36 87 21 21 23 244 39 20 23 40 29 20 31 21 88 20 20 20 20 98 31 24 39 20 37 21 20 28 33 20 119 197 38 71 20 27 63 23 22 21 26 26 20 20 20 24 3304 20 235 750 463 187
leaf_count=20 85 36 87 21 21 23 244 39 20 23 40 29 20 31 21 88 20 20 20 20 98 31 24 39 20 37 21 20 28 33 20 119 197 38 71 20 27 63 23 22 21 26 26 20 20 20 24 3304 20 235 750 463 187
internal_value=5.99997 5.99644 5.99716 5.99803 5.99844 5.99374 6.00025 5.9994 5.99762 5.99836 5.98598 5.9801 5.98174 6.00248 5.99659 5.9771 5.97734 6.00198 5.97956 6 5.9975 5.98942 5.99354 5.98557 5.99901 5.99567 5.9794 6.00197 5.99962 5.99421 5.97585 6.00098 6.00202 6.00201 5.99835 6.00241 5.99732 5.9756 6.0027 6.0028 6.00114 6.00192 5.9998 6.00292 6.00247 6.00281 6.00288 6.00295 6.00233 6.00275 6.00296 6.00293 6.00284
internal_weight=6995 2910 2805 2669 2612 440 285 2172 1287 1248 146 136 155 4085 210 111 105 885 106 1102 490 77 44 60 413 196 57 264 159 61 107 150 217 612 109 864 47 83 817 3875 276 254 46 3599 233 503 794 3579 275 255 770 483 207
internal_count=6995 2910 2805 2669 2612 440 285 2172 1287 1248 146 136 155 4085 210 111 105 885 106 1102 490 77 44 60 413 196 57 264 159 61 107 150 217 612 109 864 47 83 817 3875 276 254 46 3599 233 503 794 3579 275 255 770 483 207
is_linear=0
shrinkage=1


Tree=1
num_leaves=63
num_cat=0
split_feature=56 54 45 46 61 45 16 6 44 38 42 49 42 11 55 24 66 53 19 62 64 20 11 1 46 38 10 45 56 50 5 45 62 48 18 1 48 53 57 56 54 44 48 36 3 54 44 62 1 18 44 49 25 24 41 26 5 16 19 48 16 55
split_gain=36.1402 28.8908 23.8883 21.2129 23.7833 21.7574 15.7845 14.6192 18.5986 17.4405 35.2772 11.0484 8.77233 8.72295 8.58908 8.48942 8.3298 7.44204 5.88656 5.32627 5.27543 4.95239 3.96408 3.82509 8.25169 7.45247 3.74373 8.74513 8.48417 3.61713 3.49861 3.48755 3.3307 2.76133 3.14303 2.532 2.31142 2.15082 1.88147 1.79786 4.50263 1.83994 1.75944 1.753 1.62249 1.44877 1.56952 1.57606 1.38746 3.11042 5.60228 1.33674 1.13568 0.987662 0.951843 0.69781 0.646208 0.483783 0.256164 0.385375 0.252151 1.04905
threshold=3304.0000000000005 584.64583333333337 33815.500000000007 32851.020833333343 913.50000000000011 27355.000000000004 386.50000000000006 3.5000000000000004 27596.500000000004 11083.270833333334 42575.479166666672 184.50000000000003 46392.604166666679 84788.000000000015 652.50000000000011 65.331772000000015 3552.2291666666674 716.50000000000011 15.275000000000002 2331.4583333333339 6032.0000000000009 20.476041666666671 93519.500000000015 30.825000000000006 31872.166666666672 23262.041666666668 0.87900005428953576 33508.500000000007 138.50000000000003 389.60416666666669 2.5000000000000004 33859.500000000007 2083.1458333333335 187.50000000000003 -4.8249999999999984 4.9250000000000016 2178.0000000000005 629.50000000000011 5729.0000000000009 1242.0000000000002 639.22916666666686 28228.500000000004 90.500000000000014 21497.500000000004 55.229668595842774 569.68750000000011 28446.000000000004 1510.3125000000002 28.725000000000005 27.925000000000001 31667.000000000004 226.50000000000003 49.623593500000005 76.514600000000016 44633.500000000007 62.288177916666676 5.5000000000000009 -160.49999999999997 -1.3749999999999998 333.50000000000006 986.50000000000011 1030.5000000000002
decision_type=2 2 2 2 2 2 2 2 2 2 2 2 2 2 2 2 2 2 2 2 2 2 2 2 2 2 2 2 2 2 2 2 2 2 2 2 2 2 2 2 2 2 2 2 2 2 2 2 2 2 2 2 2 2 2 2 2 2 2 2 2 2
left_child=2 19 26 5 53 44 14 8 38 10 37 33 13 -12 57 18 22 43 -10 56 32 -14 -6 35 25 -25 39 36 -29 -19 55 -32 -17 -8 -35 -11 45 -9 -7 60 -41 -42 -37 -18 -3 -28 47 51 -44 50 -50 -47 -43 -5 -24 -13 -2 -4 59 -48 -1 -62
right_child=1 3 6 4 16 7 11 9 15 23 12 30 21 -15 -16 20 17 29 -20 -21 -22 -23 54 24 -26 -27 27 28 -30 -31 31 -33 -34 34 -36 42 -38 -39 -40 40 41 52 48 -45 -46 46 58 -49 49 -51 -52 -53 -54 -55 -56 -57 -58 -59 -60 -61 61 -63
leaf_value=48.779730184894049 -0.17460000000000001 -0.17460000000000001 24.35379044757217 0.02909999999999999 -0.08631000002548099 -0.17460000000000001 -0.17460000000000001 -0.17460000000000001 0.38574000626206395 -0.11639999999999999 -0.084600000000000009 -0.97827004872634993 -0.14549999999999999 -0.17460000000000001 -0.17460000000000001 -0.17460000000000001 -0.17460000000000001 0.23909999999999998 -0.17460000000000001 -0.17460000000000001 -0.084599994188547134 0.20369999999999999 -0.17460000000000001 -0.058200000000000009 0.26729999999999998 -0.14523000004962086 -0.14768099873283505 -0.52827004872634997 0.46631999950110908 -0.11658000002950429 -0.70827004023268803 -0.17460000016093252 -0.17460000000000001 -0.17460000000000001 -0.17460000000000001 -0.02909999999999999 -0.64827004872634997 0.087300000000000003 -0.17460000000000001 -0.17460000000000001 -0.17460000000000001 -0.15131999705135823 0.063600000000000004 -0.17460000000000001 -0.11639999999999999 -0.64827004515007125 0.56752500052303068 2.2345501655258238 -0.17523000004962086 0.087300000000000003 0.087300000000000003 -0.17333399749240072 0.14729999999999999 -8.9999974519015103e-05 -0.17460000000000001 0.026730001024156798 -0.17460000000000001 -0.17460000000000001 0.68005802411493699 -0.17468999983683373 0.56856000039428478 -0.13620299112376572
leaf_weight=2614 42 26 166 93 20 20 37 25 143 21 22 20 21 80 29 25 21 39 20 30 27 25 50 25 70 23 30 32 22 24 20 20 20 20 21 23 20 201 36 20 20 35 1125 21 20 21 26 58 21 154 30 29 229 20 39 30 20 24 442 21 295 72
leaf_count=2614 42 26 166 93 20 20 37 25 143 21 22 20 21 80 29 25 21 39 20 30 27 25 50 25 70 23 30 32 22 24 20 20 20 20 21 23 20 201 36 20 20 35 1125 21 20 21 26 58 21 154 30 29 229 20 39 30 20 24 442 21 295 72
internal_value=-0.00015182 -0.00293696 0.00151746 -0.00233469 -0.009465 -0.00127457 -0.00559545 -0.000837235 -0.00709035 0.000136649 -0.00565357 -0.0125104 -0.0170358 -0.0219491 -0.000273847 -0.00336878 -0.0153433 -0.00924833 0.00040466 -0.0194463 -0.0119417 -0.00605206 -0.0211732 0.00159038 -0.00358171 -0.0131601 0.00220893 0.00021395 -0.0113678 -0.00266244 -0.00529412 -0.0118953 -0.0182262 -0.020781 -0.0151825 0.00203697 0.00118683 0.00179124 -0.0226203 0.00263371 0.000424203 0.00140444 0.00219939 -0.0190261 -0.0216703 0.00151172 0.00183889 -0.00141536 0.00234343 5.85082e-05 -0.00634051 -0.00532934 0.00207876 0.00164456 -0.0239057 0 -0.0244928 0.00203577 0.00256389 0.000382166 0.00285801 0.00209207
internal_weight=6995 2622 4373 2530 327 2203 387 2157 291 1866 374 168 148 102 219 235 214 105 163 92 72 46 109 1492 118 48 3986 701 54 63 90 40 45 78 41 1374 647 226 56 3285 304 284 1353 42 46 627 597 108 1330 205 51 50 264 113 89 50 62 190 489 47 2981 367
internal_count=6995 2622 4373 2530 327 2203 387 2157 291 1866 374 168 148 102 219 235 214 105 163 92 72 46 109 1492 118 48 3986 701 54 63 90 40 45 78 41 1374 647 226 56 3285 304 284 1353 42 46 627 597 108 1330 205 51 50 264 113 89 50 62 190 489 47 2981 367
is_linear=0
shrinkage=0.03


Tree=2
num_leaves=63
num_cat=0
split_feature=4 6 69 46 38 14 45 45 11 61 57 5 62 63 32 70 56 16 4 63 58 37 54 13 58 69 46 45 4 1 46 38 0 4 56 12 62 1 58 4 43 48 13 1 32 46 24 31 62 31 2 56 18 11 4 57 43 47 2 12 58 47
split_gain=61.7165 44.2112 34.071 26.8572 17.1396 25.5226 17.3986 16.7463 14.2969 12.3609 10.9036 8.69125 7.4192 8.69881 7.58423 7.01408 7.55491 14.6089 7.04201 6.84773 6.24239 5.85557 9.11237 5.82757 5.77488 5.40346 4.33671 4.21763 14.83 3.86654 8.60591 6.89969 3.44363 2.92214 2.83131 2.24639 4.94673 2.22097 1.86272 1.83168 1.81261 1.45423 2.0435 1.31132 3.64441 1.69009 3.18307 1.17004 1.15724 0.717593 0.57781 0.567606 0.531786 0.435983 0.380393 1.6954 0.419361 0.359985 0.313417 0.179648 0.178846 0.153831
threshold=11.500000000000002 3.5000000000000004 95632.000000000015 32851.020833333343 9677.7916666666697 84589.541666666672 27242.500000000004 33867.500000000007 85323.000000000015 1155.5000000000002 7676.5000000000009 2.5000000000000004 1967.7083333333335 5582.5000000000009 53.339074539183606 93016.937500000015 1242.0000000000002 927.50000000000011 12.500000000000002 987.50000000000011 2831.7291666666674 8917.0000000000018 1249.3333333333335 77072.500000000015 3225.5416666666674 100155.50000000001 32536.250000000004 33508.500000000007 10.500000000000002 30.825000000000006 31872.166666666672 23262.041666666668 101625.00000000001 1.0000000180025095e-35 157.50000000000003 114534.00000000001 2048.5208333333335 4.9250000000000016 3647.6041666666674 9.5000000000000018 28749.500000000004 145.50000000000003 90101.000000000015 27.225000000000005 59.161074114009537 31725.437500000004 57.082492000000009 51.900079475253669 2203.9166666666674 58.598748882498121 68.421878000000007 842.50000000000011 0.87500000000000011 90162.500000000015 1.0000000180025095e-35 68.500000000000014 33630.500000000007 366.50000000000006 54.992815000000007 85173.500000000015 620.06250000000011 243.50000000000003
decision_type=2 2 2 2 2 2 2 2 2 2 2 2 2 2 2 2 2 2 2 2 2 2 2 2 2 2 2 2 2 2 2 2 2 2 2 2 2 2 2 2 2 2 2 2 2 2 2 2 2 2 2 2 2 2 2 2 2 2 2 2 2 2
left_child=27 2 9 4 5 23 -6 15 -7 50 19 -9 47 48 38 20 17 52 26 32 -4 22 -8 -3 35 -22 -19 54 33 34 31 -31 -5 -29 -23 -18 -37 -36 -15 -35 -16 42 -39 51 -45 46 58 -11 -14 -21 -2 -43 -17 -27 55 -1 60 -12 -46 -57 -56 -20
right_child=1 3 7 10 6 8 21 11 -10 12 57 -13 13 14 40 16 24 18 61 49 25 29 -24 -25 -26 53 -28 28 -30 30 -32 -33 -34 39 37 36 -38 41 -40 -41 -42 43 -44 44 45 -47 -48 -49 -50 -51 -52 -53 -54 -55 56 59 -58 -59 -60 -61 -62 -63
leaf_value=-0.26139509742151629 0.55092780066150426 -0.16936200000000001 -0.16939692000854015 -0.081072000025480997 -0.16936200000000001 0.30703799999999998 -0.10936200000000001 -0.16936200000000001 -0.16936200000000001 -0.16936200000000001 -0.13936200000000001 -0.16936200000000001 -0.16936200000000001 -0.13936200000000001 0.028937999999999995 -1.4343819055213405 0.32732700000000003 -0.0052957943723049711 0.28997750344886725 0.23192699999999999 -0.16936200000000001 -0.72482194343794126 0.11359199999999998 0.144681 -0.16936200000000001 0.13392779981213807 -0.95135194701511383 -0.16936200000000001 -0.94892194726455936 -0.056454000000000004 0.25928100000000004 -0.14087310004813225 -0.16936200000000001 24.726598114716992 -0.11290800000000001 0.0034974000008851291 -0.17006040005723835 0.26907300000000001 -0.16936200000000001 -0.38929288168664983 -0.17006040008845927 -0.28362777374721332 -0.033340498552255335 -0.16997310004813224 0.11629200000000001 0.083591999999999986 -0.080918998524785041 -0.14339871842290527 -0.16936200000000001 -0.13936200000000001 -0.16936200000000001 0.08288100000000001 -1.0700019015266371 -0.12136175641213028 5.6883381208286812 2.4544358775819388 1.8975342820842664 -0.16936200000000001 -0.025043099149145192 2.3113281815775859 80.934029304387053 0.04144305239275857
leaf_weight=37 20 33 37 20 37 23 38 20 69 85 24 44 43 27 31 20 261 21 20 32 24 23 41 125 32 29 28 37 38 23 67 23 20 334 35 68 31 22 21 38 28 38 20 20 56 206 34 20 30 20 20 1313 24 20 22 20 37 30 20 198 2742 76
leaf_count=37 20 33 37 20 37 23 38 20 69 85 24 44 43 27 31 20 261 21 20 32 24 23 41 125 32 29 28 37 38 23 67 23 20 334 35 68 31 22 21 38 28 38 20 20 56 206 34 20 30 20 20 1313 24 20 22 20 37 30 20 198 2742 76
internal_value=-0.000379122 -0.0032018 -0.00824646 -0.000941503 -0.000136358 -0.00754498 0.000781211 -0.00474374 -0.0200977 -0.0163703 -0.0134086 -0.0194228 -0.0185619 -0.0148084 -0.00929972 -0.00337722 -0.00205472 -0.00698043 -0.002357 -0.0070684 -0.010327 0.00116417 -0.0068268 -0.000208729 0.000313696 -0.005171 -0.011609 0.00243384 -0.000281816 0.00149834 -0.00387268 -0.0138612 -0.016384 0.00137864 0.00183985 0.00140794 -0.0024218 0.00197778 -0.0181497 0.0021849 -0.00203046 0.00213059 -0.00334917 0.00226898 0.000580185 0.00137615 -0.00160763 -0.0249477 -0.0228181 5.75817e-05 -0.000673317 0.0026867 -0.0221088 0.000488798 0.00283204 0.00169345 0.00293456 -0.024122 0.00177398 0.00270977 0.0029771 0.00234131
internal_weight=6995 3492 1080 2412 2266 250 2016 755 92 325 146 64 285 180 107 691 581 189 145 92 110 1979 79 158 392 73 49 3503 447 1900 113 46 40 409 1787 360 99 1764 48 372 59 1729 42 1687 336 316 110 105 73 52 40 1351 44 49 3056 255 2801 54 76 218 2764 96
internal_count=6995 3492 1080 2412 2266 250 2016 755 92 325 146 64 285 180 107 691 581 189 145 92 110 1979 79 158 392 73 49 3503 447 1900 113 46 40 409 1787 360 99 1764 48 372 59 1729 42 1687 336 316 110 105 73 52 40 1351 44 49 3056 255 2801 54 76 218 2764 96
is_linear=0
shrinkage=0.03


Tree=3
num_leaves=63
num_cat=0
split_feature=4 6 69 46 26 20 57 61 37 4 55 5 62 63 32 55 20 55 36 32 4 46 54 62 27 53 43 1 46 49 46 54 15 39 26 50 19 61 65 34 43 49 43 4 43 57 22 23 66 1 46 18 62 59 57 1 62 64 27 34 61 16
split_gain=61.1632 52.0501 26.6664 25.0822 15.5569 15.9805 13.2628 11.816 11.514 9.66282 9.07789 9.97628 7.52236 7.77513 8.52656 6.05402 5.87052 5.81242 5.33814 10.1682 5.25155 11.158 6.56018 5.16615 4.11017 7.02661 4.02493 3.55622 8.60591 6.89969 3.52425 7.00684 6.1916 3.2356 3.16713 6.45657 2.9038 2.41793 2.39666 1.97054 1.67486 1.59291 1.59269 1.42007 4.37271 1.34795 1.37685 1.10557 1.11253 1.06431 3.18786 3.69262 1.04532 0.959521 0.832479 0.808038 3.18748 0.637213 0.563221 0.560778 0.551987 1.72545
threshold=10.500000000000002 3.5000000000000004 95632.000000000015 32851.020833333343 81.718432375000006 -2.9656249999999997 4446.0000000000009 1155.5000000000002 9180.0000000000018 12.500000000000002 6892.5000000000009 1.0000000180025095e-35 1980.4166666666667 5582.5000000000009 53.339074539183606 10760.500000000002 5.1677083333333345 9920.5000000000018 8786.5000000000018 55.781191283149433 12.500000000000002 32536.250000000004 569.68750000000011 2227.9791666666674 7.070409688888863 1189.5000000000002 30205.500000000004 30.825000000000006 31872.166666666672 1301.5000000000002 32727.229166666668 1748.5625000000002 10404.679111427195 39818.000000000007 76.153396916666679 475.85416666666669 0.87500000000000011 3934.0000000000005 8008.5000000000009 -1.7616790610711559 28749.500000000004 85.500000000000014 32521.500000000004 1.0000000180025095e-35 33712.500000000007 68.500000000000014 -0.9500000000000004 33.862966500000006 7901.0416666666679 28.725000000000005 31725.437500000004 28.075000000000006 2203.9166666666674 1370.5000000000002 741.00000000000011 10.575000000000001 1195.4375000000002 8389.0000000000018 16.060440314190355 0.73617222087407808 2017.5000000000002 927.50000000000011
decision_type=2 2 2 2 2 2 2 2 2 2 2 2 2 2 2 2 2 2 2 2 2 2 2 2 2 2 2 2 2 2 2 2 2 2 2 2 2 2 2 2 2 2 2 2 2 2 2 2 2 2 2 2 2 2 2 2 2 2 2 2 2 2
left_child=43 2 7 8 17 -6 -5 53 10 26 39 -12 -11 52 41 33 36 20 19 -10 21 -4 -22 58 25 -20 -9 30 29 -29 47 -32 -33 -8 38 42 54 -23 60 -3 -16 -15 -36 44 45 46 -1 -26 49 55 51 -51 -14 -2 -7 56 -49 -57 -13 -35 -24 -62
right_child=1 3 4 6 5 16 15 9 18 12 11 23 13 14 40 -17 -18 -19 24 -21 22 37 34 -25 27 -27 -28 28 -30 -31 31 32 -34 59 35 -37 -38 -39 -40 -41 -42 -43 -44 -45 -46 -47 -48 48 -50 50 -52 -53 -54 -55 -56 57 -58 -59 -60 -61 61 -63
leaf_value=-0.3838300527162653 -0.16480466985185357 -0.081661139881982814 0.52112952948086555 0.084215924377391435 -0.16428114000000002 -0.92848138910891587 -0.1127201383726144 4.7626489314339224 0.38034056999999993 -0.16428114000000002 0.088797744074733842 -0.16428114000000002 -0.16428114000000002 -0.16428114000000002 0.028069859999999992 -0.16428114000000002 -0.56169553424708552 -0.16428114000000002 -0.16428114000000002 -0.13428114000000002 -0.16428114000000002 -0.93392512884700896 0.031592478000858584 -0.16428114000000002 -0.074262806998556044 0.08648423999999999 -0.18066501993254805 -0.13664690704668828 0.25150256999999998 -0.078716906997067418 0.17443556982163305 -0.16428114000000002 0.26403032411893551 -0.13579187955645919 -0.86018556814819913 -0.16555906803197676 -0.86309184850102239 -0.60738325280866035 -0.16482113992221595 0.057961860000000004 -0.16495858808580549 -0.13809113917611482 0.039628315492854324 62.779918096762835 -0.16428114000000002 2.241988345070955 0.025055041982010359 -0.65507728441954738 -0.10602714000000001 -0.16487390704668828 0.082173239999999995 0.068133881107413571 -0.16428114000000002 0.013101210194647899 0.020918189825656422 0.062263589824189176 0.14110556999999996 -0.10782713996877911 -0.13809113917611482 -0.16437113997451902 -0.92825357989680257 0.05353231764736139
leaf_weight=20 20 23 50 47 53 21 20 27 50 99 25 32 38 23 29 20 28 25 35 38 33 25 227 20 31 50 20 23 67 23 69 26 20 50 23 28 28 24 29 88 25 20 61 2920 21 218 33 27 24 23 108 40 29 26 49 1447 126 21 20 20 42 68
leaf_count=20 20 23 50 47 53 21 20 27 50 99 25 32 38 23 29 20 28 25 35 38 33 25 227 20 31 50 20 23 67 23 69 26 20 50 23 28 28 24 29 88 25 20 61 2920 21 218 33 27 24 23 108 40 29 26 49 1447 126 21 20 20 42 68
internal_value=-0.000409143 -0.00299437 -0.00825314 -0.000638322 -0.0052512 -0.0130653 -0.0122597 -0.0151053 0.000103823 -0.0172106 -0.00664584 -0.0133471 -0.0194527 -0.0154479 -0.00994851 -0.0179564 -0.00720856 -0.00304204 0.00072995 -0.00650397 -0.0024537 -0.00877901 -0.0012209 -0.0190153 0.00102634 -0.00542891 -0.00458599 0.00129247 -0.00387268 -0.0138612 0.00159166 -0.00349261 -0.0125597 -0.0212764 -0.000320017 -0.00473684 -0.00370031 -0.0189409 0.00102431 -0.000756075 -0.00194085 -0.0199072 -0.000535077 0.00263472 0.000626498 0.0016599 -0.00259887 0.00191002 0.00200705 0.00209419 -0.000140269 -0.00551506 -0.0233383 -0.000845987 -0.000385164 0.00233175 0.000235141 0.00254819 -0.0240115 -0.0243509 0.00174429 0
internal_weight=6995 3783 1170 2613 814 179 157 356 2456 310 208 97 263 164 97 110 126 635 2248 88 610 99 511 72 2160 85 47 2075 113 46 1962 115 46 90 478 112 98 49 366 111 54 43 84 3212 292 271 53 1847 1816 1792 171 63 67 46 70 1621 153 1468 52 70 337 110
internal_count=6995 3783 1170 2613 814 179 157 356 2456 310 208 97 263 164 97 110 126 635 2248 88 610 99 511 72 2160 85 47 2075 113 46 1962 115 46 90 478 112 98 49 366 111 54 43 84 3212 292 271 53 1847 1816 1792 171 63 67 46 70 1621 153 1468 52 70 337 110
is_linear=0
shrinkage=0.03


end of trees

feature_importances:
Column_4=15
Column_46=14
Column_1=11
Column_62=11
Column_45=9
Column_44=8
Column_16=7
Column_54=7
Column_57=7
Column_38=6
Column_43=6
Column_56=6
Column_5=5
Column_7=5
Column_18=5
Column_19=5
Column_20=5
Column_27=5
Column_32=5
Column_48=5
Column_55=5
Column_61=5
Column_6=4
Column_11=4
Column_42=4
Column_49=4
Column_58=4
Column_69=4
Column_0=3
Column_14=3
Column_24=3
Column_26=3
Column_47=3
Column_50=3
Column_53=3
Column_63=3
Column_2=2
Column_3=2
Column_12=2
Column_13=2
Column_15=2
Column_31=2
Column_34=2
Column_36=2
Column_37=2
Column_59=2
Column_64=2
Column_65=2
Column_66=2
Column_10=1
Column_22=1
Column_23=1
Column_25=1
Column_35=1
Column_39=1
Column_41=1
Column_70=1

parameters:
[boosting: gbdt]
[objective: quantile]
[metric: quantile]
[tree_learner: serial]
[device_type: cpu]
[data_sample_strategy: bagging]
[data: ]
[valid: ]
[num_iterations: 1500]
[learning_rate: 0.03]
[num_leaves: 63]
[num_threads: 24]
[seed: 42]
[deterministic: 0]
[force_col_wise: 0]
[force_row_wise: 0]
[histogram_pool_size: -1]
[max_depth: -1]
[min_data_in_leaf: 20]
[min_sum_hessian_in_leaf: 0.001]
[bagging_fraction: 0.8]
[pos_bagging_fraction: 1]
[neg_bagging_fraction: 1]
[bagging_freq: 0]
[bagging_seed: 400]
[bagging_by_query: 0]
[feature_fraction: 0.8]
[feature_fraction_bynode: 1]
[feature_fraction_seed: 30056]
[extra_trees: 0]
[extra_seed: 12879]
[early_stopping_round: 0]
[early_stopping_min_delta: 0]
[first_metric_only: 0]
[max_delta_step: 0]
[lambda_l1: 0.1]
[lambda_l2: 0.1]
[linear_lambda: 0]
[min_gain_to_split: 0]
[drop_rate: 0.1]
[max_drop: 50]
[skip_drop: 0.5]
[xgboost_dart_mode: 0]
[uniform_drop: 0]
[drop_seed: 17869]
[top_rate: 0.2]
[other_rate: 0.1]
[min_data_per_group: 100]
[max_cat_threshold: 32]
[cat_l2: 10]
[cat_smooth: 10]
[max_cat_to_onehot: 4]
[top_k: 20]
[monotone_constraints: ]
[monotone_constraints_method: basic]
[monotone_penalty: 0]
[feature_contri: ]
[forcedsplits_filename: ]
[refit_decay_rate: 0.9]
[cegb_tradeoff: 1]
[cegb_penalty_split: 0]
[cegb_penalty_feature_lazy: ]
[cegb_penalty_feature_coupled: ]
[path_smooth: 0]
[interaction_constraints: ]
[verbosity: -1]
[saved_feature_importance_type: 0]
[use_quantized_grad: 0]
[num_grad_quant_bins: 4]
[quant_train_renew_leaf: 0]
[stochastic_rounding: 1]
[linear_tree: 0]
[max_bin: 255]
[max_bin_by_feature: ]
[min_data_in_bin: 3]
[bin_construct_sample_cnt: 200000]
[data_random_seed: 175]
[is_enable_sparse: 1]
[enable_bundle: 1]
[use_missing: 1]
[zero_as_missing: 0]
[feature_pre_filter: 1]
[pre_partition: 0]
[two_round: 0]
[header: 0]
[label_column: ]
[weight_column: ]
[group_column: ]
[ignore_column: ]
[categorical_feature: ]
[forcedbins_filename: ]
[precise_float_parser: 0]
[parser_config_file: ]
[objective_seed: 16083]
[num_class: 1]
[is_unbalance: 0]
[scale_pos_weight: 1]
[sigmoid: 1]
[boost_from_average: 1]
[reg_sqrt: 0]
[alpha: 0.1]
[fair_c: 1]
[poisson_max_delta_step: 0.7]
[tweedie_variance_power: 1.5]
[lambdarank_truncation_level: 30]
[lambdarank_norm: 1]
[label_gain: ]
[lambdarank_position_bias_regularization: 0]
[eval_at: ]
[multi_error_top_k: 1]
[auc_mu_weights: ]
[num_machines: 1]
[local_listen_port: 12400]
[time_out: 120]
[machine_list_filename: ]
[machines: ]
[gpu_platform_id: -1]
[gpu_device_id: -1]
[gpu_use_dp: 0]
[num_gpu: 1]

end of parameters

pandas_categorical:null
