tree
version=v4
num_class=1
num_tree_per_iteration=1
label_index=0
max_feature_idx=70
objective=quantile
feature_names=Column_0 Column_1 Column_2 Column_3 Column_4 Column_5 Column_6 Column_7 Column_8 Column_9 Column_10 Column_11 Column_12 Column_13 Column_14 Column_15 Column_16 Column_17 Column_18 Column_19 Column_20 Column_21 Column_22 Column_23 Column_24 Column_25 Column_26 Column_27 Column_28 Column_29 Column_30 Column_31 Column_32 Column_33 Column_34 Column_35 Column_36 Column_37 Column_38 Column_39 Column_40 Column_41 Column_42 Column_43 Column_44 Column_45 Column_46 Column_47 Column_48 Column_49 Column_50 Column_51 Column_52 Column_53 Column_54 Column_55 Column_56 Column_57 Column_58 Column_59 Column_60 Column_61 Column_62 Column_63 Column_64 Column_65 Column_66 Column_67 Column_68 Column_69 Column_70
feature_infos=[66131:160560] [-20:34.149999999999999] [25.719044:100] [36.971664299722725:71.559848645091535] [0:23] [0:6] [1:10] [1:31] [0:1] [0:1] [0:0.99270887409805397] [66131:160560] [66131:160560] [66131:160560] [72233.041666666672:137142.20833333334] [2057.6408592873181:22024.617595875727] [-9183:8446] [-20:34.149999999999999] [-20:34.149999999999999] [-20:34.149999999999999] [-16.568749999999998:29.675000000000001] [0.52945401875049547:7.951298487978419] [-5.8000000000000007:5.5499999999999972] [25.719044:100] [25.719044:100] [25.719044:100] [45.313373250000005:95.04641233333335] [0.97911827352794878:23.426507825749582] [-30.049300000000002:30.860949999999995] [36.971664299722725:71.559848645091535] [36.971664299722725:71.559848645091535] [36.971664299722725:71.559848645091535] [45.760024263258238:67.819212344444352] [0.67909628204517791:7.5954539582083802] [-8.6935655667746659:7.6341842441526993] [6201:33428] [6201:33428] [6201:33428] [7216.916666666667:32362.625] [18440:75926] [18440:75926] [18440:75926] [24497.5:64836.833333333336] [25199:33959] [25199:33959] [26474:33959] [25316:33930.166666666664] [43:6933] [43:6933] [43:6933] [83.541666666666671:5366.375] [366:3539] [366:3539] [366:3539] [431.45833333333331:2835.4583333333335] [0:12186] [0:12186] [0:12186] [281.875:5366.791666666667] [85:6739] [85:6739] [85:6739] [718.33333333333337:3117.0833333333335] [29:9938] [29:9938] [29:9938] [157.125:8964.4166666666661] [68553:162721] [68553:162721] [68553:162721] [74746.875:140862.16666666666]
tree_sizes=5140 5378

Tree=0
num_leaves=63
num_cat=0
split_feature=63 15 44 66 66 21 70 15 54 45 46 32 39 65 23 48 12 57 49 35 3 31 21 62 21 66 50 54 66 39 37 23 62 15 62 2 30 20 55 0 45 12 32 15 7 50 47 7 4 36 15 21 69 70 19 59 27 21 58 2 49 44
split_gain=103.911 20.4282 18.8406 15.7141 14.0871 11.0941 10.1575 10.0835 7.81044 6.34165 9.09104 11.3001 7.07181 6.04213 5.40844 5.19284 6.41231 8.06623 4.27554 4.11281 5.81911 4.88021 3.99267 4.12226 6.09035 3.70901 3.47069 5.64544 3.25759 3.1334 2.8891 3.02823 2.62344 2.69108 5.35066 3.05423 2.59853 2.24601 3.12718 1.705 1.68836 1.66452 1.65008 2.04789 1.55366 1.49366 1.34569 1.29671 3.42036 1.67657 1.09032 0.868693 0.722442 0.668706 0.639877 0.563522 0.559734 0.553443 0.512701 0.475678 0.454971 0.439771
threshold=5442.5000000000009 4812.7926346519716 28661.500000000004 3756.8750000000005 7657.6250000000009 3.1928404050339894 79450.625000000015 4068.1998427587737 1107.1458333333337 30053.500000000004 30548.583333333336 53.449941963459608 34838.500000000007 4497.5000000000009 97.283113000000014 179.50000000000003 82352.000000000015 1.5000000000000002 1998.5000000000002 18749.500000000004 57.940655370606727 64.66783627860768 4.8972203554786606 2721.0416666666674 3.0616424985962318 7222.7500000000009 193.79166666666671 584.64583333333337 6140.3333333333348 28379.000000000004 28128.000000000004 89.546590000000023 2933.4375000000005 4704.8619203012522 1489.3958333333337 72.068452500000021 59.304765540550072 -0.92291666666666672 6270.5000000000009 92654.000000000015 27825.500000000004 104287.00000000001 55.066580854844908 5357.3645422949821 25.500000000000004 387.58333333333343 398.50000000000006 1.5000000000000002 12.500000000000002 8641.5000000000018 4654.7853668268881 1.1089842150028508 104170.50000000001 92734.312500000015 -10.574999999999998 739.50000000000011 4.8634873158457319 3.5884094660227785 569.04166666666686 77.725755000000007 169.50000000000003 27357.500000000004
decision_type=2 2 2 2 2 2 2 2 2 2 2 2 2 2 2 2 2 2 2 2 2 2 2 2 2 2 2 2 2 2 2 2 2 2 2 2 2 2 2 2 2 2 2 2 2 2 2 2 2 2 2 2 2 2 2 2 2 2 2 2 2 2
left_child=3 2 4 37 40 30 -3 39 9 29 11 25 59 57 15 16 17 -5 32 -14 28 55 23 41 -25 -11 27 -18 -21 -8 31 50 33 34 35 36 -17 38 45 -7 -2 -10 43 -31 56 -1 -43 48 -35 -49 -4 -51 -48 -13 -53 -22 -36 -9 -39 -12 -56 -62
right_child=1 6 5 14 -6 7 8 13 22 10 12 53 19 -15 -16 18 26 -19 -20 20 21 -23 -24 24 -26 -27 -28 -29 -30 42 -32 -33 -34 47 44 -37 -38 58 -40 -41 -42 46 -44 -45 -46 -47 52 49 -50 51 -52 54 -54 -55 60 -57 -58 -59 -60 -61 61 -63
leaf_value=7249.4456182670592 7286.9816193771367 7277.9816202354432 7223.5316198062901 7230.7616199350359 7240.4396183514591 7175.4776104164121 7273.7036203598973 7278.3866162693503 7195.3015989422802 7278.1136181354523 7274.9126170575619 7298.8976197719576 7198.6436145162579 7269.302618795633 7280.0096175789831 7251.1916188335417 7217.3096197175983 7290.7616204071046 7293.9836178207397 7299.6296127510068 7244.3516178321843 7282.9976202225689 7281.5276191711428 7280.6336210250856 7193.9036205744742 7233.9416184186939 7195.7726150476929 7272.6866197955605 7281.9356154918669 7270.4276144504547 7304.8316181039809 7264.3916174244878 7245.2126199114318 7171.3796205902099 7243.271620292664 7246.5596171140669 7268.6366204822061 7246.8325923240182 7258.6916207504273 7244.8946208083626 7287.0146204435823 7256.1536198663707 7276.1636208963391 7217.5016208362576 7274.1116180753706 7203.5936184716229 7275.0236141443256 7252.238620928526 7281.9116159152982 7246.181620206833 7267.6016167879106 7248.0236190080641 7184.6966124999526 7301.5736209034922 7241.5316001653673 7214.5466127359869 7221.491620943546 7297.9016164588929 7153.4636154317859 7305.6986198842524 7245.74961622715 7191.8216192483906
leaf_weight=39 31 21 101 21 28 25 20 20 191 23 20 25 77 28 28 21 27 31 33 28 20 22 22 25 23 35 80 34 23 37 23 20 20 33 33 27 20 30 33 20 102 34 24 121 21 142 29 22 21 21 21 28 46 39 39 58 106 49 3959 20 29 646
leaf_count=39 31 21 101 21 28 25 20 20 191 23 20 25 77 28 28 21 27 31 33 28 20 22 22 25 23 35 80 34 23 37 23 20 20 33 33 27 20 30 33 20 102 34 24 121 21 142 29 22 21 21 21 28 46 39 39 58 106 49 3959 20 29 646
internal_value=7236.6 7236.61 7236.61 7236.6 7236.62 7236.61 7236.6 7236.61 7236.6 7236.61 7236.61 7236.62 7236.61 7236.62 7236.6 7236.6 7236.6 7236.61 7236.6 7236.6 7236.61 7236.6 7236.6 7236.6 7236.61 7236.61 7236.6 7236.61 7236.61 7236.6 7236.6 7236.6 7236.6 7236.6 7236.6 7236.61 7236.61 7236.6 7236.6 7236.6 7236.62 7236.6 7236.6 7236.6 7236.6 7236.6 7236.6 7236.6 7236.6 7236.6 7236.6 7236.6 7236.6 7236.62 7236.6 7236.6 7236.6 7236.62 7236.6 7236.62 7236.6 7236.6
internal_weight=6995 1451 468 5544 161 307 983 142 962 592 390 122 268 97 1341 1313 193 52 1120 228 151 100 370 348 48 58 141 61 51 202 165 142 1087 1067 228 68 41 4203 214 45 133 300 182 158 160 181 109 839 54 785 122 763 75 64 742 78 139 69 3989 40 714 675
internal_count=6995 1451 468 5544 161 307 983 142 962 592 390 122 268 97 1341 1313 193 52 1120 228 151 100 370 348 48 58 141 61 51 202 165 142 1087 1067 228 68 41 4203 214 45 133 300 182 158 160 181 109 839 54 785 122 763 75 64 742 78 139 69 3989 40 714 675
is_linear=0
shrinkage=1


Tree=1
num_leaves=63
num_cat=0
split_feature=63 15 44 66 66 21 15 39 31 58 3 45 20 54 54 64 48 20 21 25 33 24 35 44 18 17 21 46 37 62 25 64 50 49 46 20 57 16 50 27 36 30 51 3 44 11 48 62 10 45 3 56 25 16 21 15 60 44 49 10 3 16
split_gain=99.7894 20.3805 18.8698 15.0361 13.8171 11.0386 9.72377 7.68755 8.62616 7.00126 5.46627 6.93112 5.99035 5.75885 9.71519 6.1946 4.68212 6.17982 7.65596 4.594 4.16774 3.55216 3.40311 3.2405 3.34019 8.39563 5.25061 5.54173 2.99837 2.98166 2.95061 2.91393 2.89348 2.71832 2.63004 2.50919 3.97949 2.48116 2.13321 2.12704 2.07341 3.95962 2.06797 1.72714 2.27253 1.705 1.6988 4.12764 1.46889 1.37907 1.99765 1.23693 1.20385 1.1941 1.09775 0.713995 1.64684 0.5931 0.577108 0.76839 0.467718 0.454265
threshold=5442.5000000000009 4812.7926346519716 28661.500000000004 3756.8750000000005 7657.6250000000009 3.1928404050339894 4068.1998427587737 28953.500000000004 64.576366309625726 2902.3958333333335 57.677411447858212 30092.500000000004 20.803125000000005 1107.1458333333337 820.75000000000011 8308.5000000000018 161.50000000000003 8.8447916666666693 3.1804287116144785 81.836917500000013 4.0645563478352491 76.122080000000011 13300.000000000002 27131.000000000004 1.0750000000000004 -2.3249999999999997 3.0961695348175691 32735.666666666672 28128.000000000004 2933.4375000000005 88.516272000000015 4697.5000000000009 319.45833333333343 82.500000000000014 29947.166666666672 2.7187500000000004 7226.5000000000009 -422.49999999999994 440.06250000000006 13.386948708581016 9152.0000000000018 50.110238352995545 1102.5000000000002 62.021563620449186 33710.500000000007 92654.000000000015 201.50000000000003 2173.4375000000005 1.0000000180025095e-35 27242.500000000004 57.218199758839077 7167.5000000000009 77.722240000000014 -2520.4999999999995 3.5536643540582147 4118.6989765497647 1189.5000000000002 27357.500000000004 848.50000000000011 0.87900005428953576 55.863231587942884 -369.49999999999994
decision_type=2 2 2 2 2 2 2 2 2 2 2 2 2 2 2 2 2 2 2 2 2 2 2 2 2 2 2 2 2 2 2 2 2 2 2 2 2 2 2 2 2 2 2 2 2 2 2 2 2 2 2 2 2 2 2 2 2 2 2 2 2 2
left_child=3 2 4 35 42 28 45 9 10 -3 11 12 20 14 15 22 17 18 -5 54 33 -10 -13 -18 25 43 27 30 39 40 -27 -29 -11 -9 -20 36 46 -17 -23 51 41 -26 -2 44 -25 -7 47 -1 -16 50 -42 -4 -28 -35 -8 56 -51 -57 59 -12 -15 -24
right_child=1 7 5 16 -6 6 19 8 21 32 58 13 -14 60 48 37 23 -19 34 -21 -22 38 61 24 29 26 52 31 -30 -31 -32 -33 -34 53 -36 -37 -38 -39 -40 -41 49 -43 -44 -45 -46 -47 -48 -49 -50 55 -52 -53 -54 -55 -56 57 -58 -59 -60 -61 -62 -63
leaf_value=26.296630536460878 48.64156091033221 18.631540693696909 -13.421753681588317 -12.292431946422106 3.7248087071657299 -61.293843264285371 40.533396687519542 38.305091158533102 35.387276458525633 40.179551216268536 -27.193285443351328 46.73778689181804 40.810991340637202 -18.951052405715 43.001271846031784 58.633846000544075 46.003148435211173 -19.126915682796614 50.275150962924954 46.892951427555076 42.592351816783875 51.730103305065981 -21.336204812344651 -8.8547001382112072 31.958023065938519 -25.224655186414729 -33.544673434581718 32.623389115529505 66.185048467111585 8.3546202203393118 37.316710942626003 55.233488090085984 49.501990873575203 41.206556273031154 25.43740014442206 -82.225913980436331 21.543249795341488 41.396590476608232 36.581110673332219 30.093161340658718 44.096650870227819 -36.594654943227781 49.470551132583601 -49.053658550262462 30.940900922806307 8.0461610903620837 -25.483381565666196 -76.934815469956405 70.211110116634202 13.888899387109285 -31.331403781127928 19.151950982379866 14.012969025926166 -20.036160696818278 55.538938389873501 31.321507878255844 -5.5527491690397159 -46.554649821996698 13.862639094025573 14.068897951662445 5.5397664977430612 10.171301525382145
leaf_weight=21 112 34 91 30 28 25 20 26 26 20 192 36 21 34 20 23 33 39 23 23 23 33 55 36 20 34 39 24 23 20 20 34 34 23 22 3858 29 21 21 30 20 26 21 192 21 20 261 34 31 23 21 21 24 225 54 22 37 581 23 22 20 20
leaf_count=21 112 34 91 30 28 25 20 26 26 20 192 36 21 34 20 23 33 39 23 23 23 33 55 36 20 34 39 24 23 20 20 34 34 23 22 3858 29 21 21 30 20 26 21 192 21 20 261 34 31 23 21 21 24 225 54 22 37 581 23 22 20 20
internal_value=-4.03146e-05 0.00696299 0.0121192 -0.00187388 0.0204469 0.00773689 0.0138705 0.00450412 0.00366663 0.0129739 0.00273831 0.0043124 0.00132977 0.00794694 0.0102329 0.00646035 0.000890313 0.00670464 0.0117443 0.0192173 0.000222147 0.0130712 0.00264626 0.000347159 8.79316e-05 0.00222825 0.00726442 0.0111597 0.00243489 -0.00108687 0.00415896 0.0176076 0.0196858 -0.000798979 0.0195565 -0.00275654 -0.000295567 0.0159864 0.0174677 0.000781139 -0.00139581 0.00475054 0.0244778 -0.00130068 0.00325744 0.00226164 -0.00128124 0.00348457 0.0216047 -0.0018023 0.00350365 -0.00109724 0.000285261 -0.00177751 0.0228745 -0.00213543 0.000948419 -0.00244736 -0.00108815 -0.00158337 -0.000720888 -0.000958722
internal_weight=6995 1451 468 5544 161 307 142 983 895 88 815 578 318 260 206 155 1341 114 75 97 297 80 111 1227 1194 424 175 112 165 770 54 58 54 274 45 4203 345 44 54 142 750 46 133 249 57 45 316 55 51 704 41 112 63 248 74 663 60 603 237 214 54 75
internal_count=6995 1451 468 5544 161 307 142 983 895 88 815 578 318 260 206 155 1341 114 75 97 297 80 111 1227 1194 424 175 112 165 770 54 58 54 274 45 4203 345 44 54 142 750 46 133 249 57 45 316 55 51 704 41 112 63 248 74 663 60 603 237 214 54 75
is_linear=0
shrinkage=0.03


end of trees

feature_importances:
Column_21=9
Column_15=8
Column_44=6
Column_66=6
Column_3=5
Column_62=5
Column_20=4
Column_45=4
Column_49=4
Column_50=4
Column_54=4
Column_16=3
Column_25=3
Column_39=3
Column_46=3
Column_48=3
Column_2=2
Column_7=2
Column_10=2
Column_12=2
Column_23=2
Column_27=2
Column_30=2
Column_31=2
Column_32=2
Column_35=2
Column_36=2
Column_37=2
Column_57=2
Column_58=2
Column_63=2
Column_64=2
Column_70=2
Column_0=1
Column_4=1
Column_11=1
Column_17=1
Column_18=1
Column_19=1
Column_24=1
Column_33=1
Column_47=1
Column_51=1
Column_55=1
Column_56=1
Column_59=1
Column_60=1
Column_65=1
Column_69=1

parameters:
[boosting: gbdt]
[objective: quantile]
[metric: quantile]
[tree_learner: serial]
[device_type: cpu]
[data_sample_strategy: bagging]
[data: ]
[valid: ]
[num_iterations: 1500]
[learning_rate: 0.03]
[num_leaves: 63]
[num_threads: 24]
[seed: 42]
[deterministic: 0]
[force_col_wise: 0]
[force_row_wise: 0]
[histogram_pool_size: -1]
[max_depth: -1]
[min_data_in_leaf: 20]
[min_sum_hessian_in_leaf: 0.001]
[bagging_fraction: 0.8]
[pos_bagging_fraction: 1]
[neg_bagging_fraction: 1]
[bagging_freq: 0]
[bagging_seed: 400]
[bagging_by_query: 0]
[feature_fraction: 0.8]
[feature_fraction_bynode: 1]
[feature_fraction_seed: 30056]
[extra_trees: 0]
[extra_seed: 12879]
[early_stopping_round: 0]
[early_stopping_min_delta: 0]
[first_metric_only: 0]
[max_delta_step: 0]
[lambda_l1: 0.1]
[lambda_l2: 0.1]
[linear_lambda: 0]
[min_gain_to_split: 0]
[drop_rate: 0.1]
[max_drop: 50]
[skip_drop: 0.5]
[xgboost_dart_mode: 0]
[uniform_drop: 0]
[drop_seed: 17869]
[top_rate: 0.2]
[other_rate: 0.1]
[min_data_per_group: 100]
[max_cat_threshold: 32]
[cat_l2: 10]
[cat_smooth: 10]
[max_cat_to_onehot: 4]
[top_k: 20]
[monotone_constraints: ]
[monotone_constraints_method: basic]
[monotone_penalty: 0]
[feature_contri: ]
[forcedsplits_filename: ]
[refit_decay_rate: 0.9]
[cegb_tradeoff: 1]
[cegb_penalty_split: 0]
[cegb_penalty_feature_lazy: ]
[cegb_penalty_feature_coupled: ]
[path_smooth: 0]
[interaction_constraints: ]
[verbosity: -1]
[saved_feature_importance_type: 0]
[use_quantized_grad: 0]
[num_grad_quant_bins: 4]
[quant_train_renew_leaf: 0]
[stochastic_rounding: 1]
[linear_tree: 0]
[max_bin: 255]
[max_bin_by_feature: ]
[min_data_in_bin: 3]
[bin_construct_sample_cnt: 200000]
[data_random_seed: 175]
[is_enable_sparse: 1]
[enable_bundle: 1]
[use_missing: 1]
[zero_as_missing: 0]
[feature_pre_filter: 1]
[pre_partition: 0]
[two_round: 0]
[header: 0]
[label_column: ]
[weight_column: ]
[group_column: ]
[ignore_column: ]
[categorical_feature: ]
[forcedbins_filename: ]
[precise_float_parser: 0]
[parser_config_file: ]
[objective_seed: 16083]
[num_class: 1]
[is_unbalance: 0]
[scale_pos_weight: 1]
[sigmoid: 1]
[boost_from_average: 1]
[reg_sqrt: 0]
[alpha: 0.9]
[fair_c: 1]
[poisson_max_delta_step: 0.7]
[tweedie_variance_power: 1.5]
[lambdarank_truncation_level: 30]
[lambdarank_norm: 1]
[label_gain: ]
[lambdarank_position_bias_regularization: 0]
[eval_at: ]
[multi_error_top_k: 1]
[auc_mu_weights: ]
[num_machines: 1]
[local_listen_port: 12400]
[time_out: 120]
[machine_list_filename: ]
[machines: ]
[gpu_platform_id: -1]
[gpu_device_id: -1]
[gpu_use_dp: 0]
[num_gpu: 1]

end of parameters

pandas_categorical:null
